t f n4 n8
0.000000 0.000000 0.000000 0.000000
0.002500 0.016957 0.011250 0.015392
0.005000 0.033911 0.022500 0.030784
0.007500 0.050856 0.033750 0.046176
0.010000 0.067791 0.045000 0.061569
0.012500 0.084709 0.056250 0.076961
0.015000 0.101608 0.067500 0.092353
0.017500 0.118484 0.078750 0.107745
0.020000 0.135333 0.090000 0.123137
0.022500 0.152151 0.101250 0.138529
0.025000 0.168934 0.112500 0.153921
0.027500 0.185679 0.123750 0.169313
0.030000 0.202381 0.135000 0.184706
0.032500 0.219037 0.146250 0.200098
0.035000 0.235643 0.157500 0.215490
0.037500 0.252195 0.168750 0.230882
0.040000 0.268690 0.180000 0.246274
0.042500 0.285123 0.191250 0.261666
0.045000 0.301491 0.202500 0.277058
0.047500 0.317790 0.213750 0.292451
0.050000 0.334017 0.225000 0.307843
0.052500 0.350167 0.236250 0.323235
0.055000 0.366238 0.247500 0.338627
0.057500 0.382225 0.258750 0.354019
0.060000 0.398125 0.270000 0.369411
0.062500 0.413933 0.281250 0.384803
0.065000 0.429648 0.292500 0.400196
0.067500 0.445264 0.303750 0.415588
0.070000 0.460779 0.315000 0.430980
0.072500 0.476189 0.326250 0.446372
0.075000 0.491490 0.337500 0.461764
0.077500 0.506680 0.348750 0.477156
0.080000 0.521754 0.360000 0.492548
0.082500 0.536709 0.371250 0.507940
0.085000 0.551541 0.382500 0.523333
0.087500 0.566249 0.393750 0.538725
0.090000 0.580827 0.405000 0.554117
0.092500 0.595273 0.416250 0.569509
0.095000 0.609583 0.427500 0.584901
0.097500 0.623755 0.438750 0.600293
0.100000 0.637785 0.450000 0.615685
0.102500 0.651670 0.461250 0.631078
0.105000 0.665407 0.472500 0.646470
0.107500 0.678993 0.483750 0.661862
0.110000 0.692424 0.495000 0.677254
0.112500 0.705698 0.506250 0.692646
0.115000 0.718812 0.517500 0.708038
0.117500 0.731763 0.528750 0.723430
0.120000 0.744547 0.540000 0.738823
0.122500 0.757163 0.551250 0.754215
0.125000 0.769607 0.562500 0.769607
0.127500 0.781876 0.573750 0.776715
0.130000 0.793969 0.585000 0.783823
0.132500 0.805881 0.596250 0.790930
0.135000 0.817611 0.607500 0.798038
0.137500 0.829156 0.618750 0.805146
0.140000 0.840513 0.630000 0.812254
0.142500 0.851680 0.641250 0.819362
0.145000 0.862655 0.652500 0.826470
0.147500 0.873435 0.663750 0.833578
0.150000 0.884017 0.675000 0.840685
0.152500 0.894400 0.686250 0.847793
0.155000 0.904581 0.697500 0.854901
0.157500 0.914557 0.708750 0.862009
0.160000 0.924328 0.720000 0.869117
0.162500 0.933890 0.731250 0.876225
0.165000 0.943242 0.742500 0.883333
0.167500 0.952382 0.753750 0.890440
0.170000 0.961307 0.765000 0.897548
0.172500 0.970016 0.776250 0.904656
0.175000 0.978507 0.787500 0.911764
0.177500 0.986778 0.798750 0.918872
0.180000 0.994827 0.810000 0.925980
0.182500 1.002653 0.821250 0.933088
0.185000 1.010255 0.832500 0.940196
0.187500 1.017630 0.843750 0.947303
0.190000 1.024776 0.855000 0.954411
0.192500 1.031694 0.866250 0.961519
0.195000 1.038381 0.877500 0.968627
0.197500 1.044835 0.888750 0.975735
0.200000 1.051057 0.900000 0.982843
0.202500 1.057043 0.911250 0.989951
0.205000 1.062794 0.922500 0.997058
0.207500 1.068307 0.933750 1.004166
0.210000 1.073583 0.945000 1.011274
0.212500 1.078620 0.956250 1.018382
0.215000 1.083417 0.967500 1.025490
0.217500 1.087973 0.978750 1.032598
0.220000 1.092287 0.990000 1.039706
0.222500 1.096359 1.001250 1.046813
0.225000 1.100188 1.012500 1.053921
0.227500 1.103774 1.023750 1.061029
0.230000 1.107115 1.035000 1.068137
0.232500 1.110211 1.046250 1.075245
0.235000 1.113062 1.057500 1.082353
0.237500 1.115667 1.068750 1.089461
0.240000 1.118027 1.080000 1.096569
0.242500 1.120140 1.091250 1.103676
0.245000 1.122007 1.102500 1.110784
0.247500 1.123627 1.113750 1.117892
0.250000 1.125000 1.125000 1.125000
0.252500 1.126127 1.116250 1.120392
0.255000 1.127007 1.107500 1.115784
0.257500 1.127640 1.098750 1.111176
0.260000 1.128027 1.090000 1.106569
0.262500 1.128167 1.081250 1.101961
0.265000 1.128062 1.072500 1.097353
0.267500 1.127711 1.063750 1.092745
0.270000 1.127115 1.055000 1.088137
0.272500 1.126274 1.046250 1.083529
0.275000 1.125188 1.037500 1.078921
0.277500 1.123859 1.028750 1.074313
0.280000 1.122287 1.020000 1.069706
0.282500 1.120473 1.011250 1.065098
0.285000 1.118417 1.002500 1.060490
0.287500 1.116120 0.993750 1.055882
0.290000 1.113583 0.985000 1.051274
0.292500 1.110807 0.976250 1.046666
0.295000 1.107794 0.967500 1.042058
0.297500 1.104543 0.958750 1.037451
0.300000 1.101057 0.950000 1.032843
0.302500 1.097335 0.941250 1.028235
0.305000 1.093381 0.932500 1.023627
0.307500 1.089194 0.923750 1.019019
0.310000 1.084776 0.915000 1.014411
0.312500 1.080130 0.906250 1.009803
0.315000 1.075255 0.897500 1.005196
0.317500 1.070153 0.888750 1.000588
0.320000 1.064827 0.880000 0.995980
0.322500 1.059278 0.871250 0.991372
0.325000 1.053507 0.862500 0.986764
0.327500 1.047516 0.853750 0.982156
0.330000 1.041307 0.845000 0.977548
0.332500 1.034882 0.836250 0.972940
0.335000 1.028242 0.827500 0.968333
0.337500 1.021390 0.818750 0.963725
0.340000 1.014328 0.810000 0.959117
0.342500 1.007057 0.801250 0.954509
0.345000 0.999581 0.792500 0.949901
0.347500 0.991900 0.783750 0.945293
0.350000 0.984017 0.775000 0.940685
0.352500 0.975935 0.766250 0.936078
0.355000 0.967655 0.757500 0.931470
0.357500 0.959180 0.748750 0.926862
0.360000 0.950513 0.740000 0.922254
0.362500 0.941656 0.731250 0.917646
0.365000 0.932611 0.722500 0.913038
0.367500 0.923381 0.713750 0.908430
0.370000 0.913969 0.705000 0.903823
0.372500 0.904376 0.696250 0.899215
0.375000 0.894607 0.687500 0.894607
0.377500 0.884663 0.678750 0.881715
0.380000 0.874547 0.670000 0.868823
0.382500 0.864263 0.661250 0.855930
0.385000 0.853812 0.652500 0.843038
0.387500 0.843198 0.643750 0.830146
0.390000 0.832424 0.635000 0.817254
0.392500 0.821493 0.626250 0.804362
0.395000 0.810407 0.617500 0.791470
0.397500 0.799170 0.608750 0.778578
0.400000 0.787785 0.600000 0.765685
0.402500 0.776255 0.591250 0.752793
0.405000 0.764583 0.582500 0.739901
0.407500 0.752773 0.573750 0.727009
0.410000 0.740827 0.565000 0.714117
0.412500 0.728749 0.556250 0.701225
0.415000 0.716541 0.547500 0.688333
0.417500 0.704209 0.538750 0.675440
0.420000 0.691754 0.530000 0.662548
0.422500 0.679180 0.521250 0.649656
0.425000 0.666490 0.512500 0.636764
0.427500 0.653689 0.503750 0.623872
0.430000 0.640779 0.495000 0.610980
0.432500 0.627764 0.486250 0.598088
0.435000 0.614648 0.477500 0.585196
0.437500 0.601433 0.468750 0.572303
0.440000 0.588125 0.460000 0.559411
0.442500 0.574725 0.451250 0.546519
0.445000 0.561238 0.442500 0.533627
0.447500 0.547667 0.433750 0.520735
0.450000 0.534017 0.425000 0.507843
0.452500 0.520290 0.416250 0.494951
0.455000 0.506491 0.407500 0.482058
0.457500 0.492623 0.398750 0.469166
0.460000 0.478690 0.390000 0.456274
0.462500 0.464695 0.381250 0.443382
0.465000 0.450643 0.372500 0.430490
0.467500 0.436537 0.363750 0.417598
0.470000 0.422381 0.355000 0.404706
0.472500 0.408179 0.346250 0.391813
0.475000 0.393934 0.337500 0.378921
0.477500 0.379651 0.328750 0.366029
0.480000 0.365333 0.320000 0.353137
0.482500 0.350984 0.311250 0.340245
0.485000 0.336608 0.302500 0.327353
0.487500 0.322209 0.293750 0.314461
0.490000 0.307791 0.285000 0.301569
0.492500 0.293356 0.276250 0.288676
0.495000 0.278911 0.267500 0.275784
0.497500 0.264457 0.258750 0.262892
0.500000 0.250000 0.250000 0.250000
0.502500 0.235543 0.241250 0.237108
0.505000 0.221089 0.232500 0.224216
0.507500 0.206644 0.223750 0.211324
0.510000 0.192209 0.215000 0.198431
0.512500 0.177791 0.206250 0.185539
0.515000 0.163392 0.197500 0.172647
0.517500 0.149016 0.188750 0.159755
0.520000 0.134667 0.180000 0.146863
0.522500 0.120349 0.171250 0.133971
0.525000 0.106066 0.162500 0.121079
0.527500 0.091821 0.153750 0.108187
0.530000 0.077619 0.145000 0.095294
0.532500 0.063463 0.136250 0.082402
0.535000 0.049357 0.127500 0.069510
0.537500 0.035305 0.118750 0.056618
0.540000 0.021310 0.110000 0.043726
0.542500 0.007377 0.101250 0.030834
0.545000 -0.006491 0.092500 0.017942
0.547500 -0.020290 0.083750 0.005049
0.550000 -0.034017 0.075000 -0.007843
0.552500 -0.047667 0.066250 -0.020735
0.555000 -0.061238 0.057500 -0.033627
0.557500 -0.074725 0.048750 -0.046519
0.560000 -0.088125 0.040000 -0.059411
0.562500 -0.101433 0.031250 -0.072303
0.565000 -0.114648 0.022500 -0.085196
0.567500 -0.127764 0.013750 -0.098088
0.570000 -0.140779 0.005000 -0.110980
0.572500 -0.153689 -0.003750 -0.123872
0.575000 -0.166490 -0.012500 -0.136764
0.577500 -0.179180 -0.021250 -0.149656
0.580000 -0.191754 -0.030000 -0.162548
0.582500 -0.204209 -0.038750 -0.175440
0.585000 -0.216541 -0.047500 -0.188333
0.587500 -0.228749 -0.056250 -0.201225
0.590000 -0.240827 -0.065000 -0.214117
0.592500 -0.252773 -0.073750 -0.227009
0.595000 -0.264583 -0.082500 -0.239901
0.597500 -0.276255 -0.091250 -0.252793
0.600000 -0.287785 -0.100000 -0.265685
0.602500 -0.299170 -0.108750 -0.278578
0.605000 -0.310407 -0.117500 -0.291470
0.607500 -0.321493 -0.126250 -0.304362
0.610000 -0.332424 -0.135000 -0.317254
0.612500 -0.343198 -0.143750 -0.330146
0.615000 -0.353812 -0.152500 -0.343038
0.617500 -0.364263 -0.161250 -0.355930
0.620000 -0.374547 -0.170000 -0.368823
0.622500 -0.384663 -0.178750 -0.381715
0.625000 -0.394607 -0.187500 -0.394607
0.627500 -0.404376 -0.196250 -0.399215
0.630000 -0.413969 -0.205000 -0.403823
0.632500 -0.423381 -0.213750 -0.408430
0.635000 -0.432611 -0.222500 -0.413038
0.637500 -0.441656 -0.231250 -0.417646
0.640000 -0.450513 -0.240000 -0.422254
0.642500 -0.459180 -0.248750 -0.426862
0.645000 -0.467655 -0.257500 -0.431470
0.647500 -0.475935 -0.266250 -0.436078
0.650000 -0.484017 -0.275000 -0.440685
0.652500 -0.491900 -0.283750 -0.445293
0.655000 -0.499581 -0.292500 -0.449901
0.657500 -0.507057 -0.301250 -0.454509
0.660000 -0.514328 -0.310000 -0.459117
0.662500 -0.521390 -0.318750 -0.463725
0.665000 -0.528242 -0.327500 -0.468333
0.667500 -0.534882 -0.336250 -0.472940
0.670000 -0.541307 -0.345000 -0.477548
0.672500 -0.547516 -0.353750 -0.482156
0.675000 -0.553507 -0.362500 -0.486764
0.677500 -0.559278 -0.371250 -0.491372
0.680000 -0.564827 -0.380000 -0.495980
0.682500 -0.570153 -0.388750 -0.500588
0.685000 -0.575255 -0.397500 -0.505196
0.687500 -0.580130 -0.406250 -0.509803
0.690000 -0.584776 -0.415000 -0.514411
0.692500 -0.589194 -0.423750 -0.519019
0.695000 -0.593381 -0.432500 -0.523627
0.697500 -0.597335 -0.441250 -0.528235
0.700000 -0.601057 -0.450000 -0.532843
0.702500 -0.604543 -0.458750 -0.537451
0.705000 -0.607794 -0.467500 -0.542058
0.707500 -0.610807 -0.476250 -0.546666
0.710000 -0.613583 -0.485000 -0.551274
0.712500 -0.616120 -0.493750 -0.555882
0.715000 -0.618417 -0.502500 -0.560490
0.717500 -0.620473 -0.511250 -0.565098
0.720000 -0.622287 -0.520000 -0.569706
0.722500 -0.623859 -0.528750 -0.574313
0.725000 -0.625188 -0.537500 -0.578921
0.727500 -0.626274 -0.546250 -0.583529
0.730000 -0.627115 -0.555000 -0.588137
0.732500 -0.627711 -0.563750 -0.592745
0.735000 -0.628062 -0.572500 -0.597353
0.737500 -0.628167 -0.581250 -0.601961
0.740000 -0.628027 -0.590000 -0.606569
0.742500 -0.627640 -0.598750 -0.611176
0.745000 -0.627007 -0.607500 -0.615784
0.747500 -0.626127 -0.616250 -0.620392
0.750000 -0.625000 -0.625000 -0.625000
0.752500 -0.623627 -0.613750 -0.617892
0.755000 -0.622007 -0.602500 -0.610784
0.757500 -0.620140 -0.591250 -0.603676
0.760000 -0.618027 -0.580000 -0.596569
0.762500 -0.615667 -0.568750 -0.589461
0.765000 -0.613062 -0.557500 -0.582353
0.767500 -0.610211 -0.546250 -0.575245
0.770000 -0.607115 -0.535000 -0.568137
0.772500 -0.603774 -0.523750 -0.561029
0.775000 -0.600188 -0.512500 -0.553921
0.777500 -0.596359 -0.501250 -0.546813
0.780000 -0.592287 -0.490000 -0.539706
0.782500 -0.587973 -0.478750 -0.532598
0.785000 -0.583417 -0.467500 -0.525490
0.787500 -0.578620 -0.456250 -0.518382
0.790000 -0.573583 -0.445000 -0.511274
0.792500 -0.568307 -0.433750 -0.504166
0.795000 -0.562794 -0.422500 -0.497058
0.797500 -0.557043 -0.411250 -0.489951
0.800000 -0.551057 -0.400000 -0.482843
0.802500 -0.544835 -0.388750 -0.475735
0.805000 -0.538381 -0.377500 -0.468627
0.807500 -0.531694 -0.366250 -0.461519
0.810000 -0.524776 -0.355000 -0.454411
0.812500 -0.517630 -0.343750 -0.447303
0.815000 -0.510255 -0.332500 -0.440196
0.817500 -0.502653 -0.321250 -0.433088
0.820000 -0.494827 -0.310000 -0.425980
0.822500 -0.486778 -0.298750 -0.418872
0.825000 -0.478507 -0.287500 -0.411764
0.827500 -0.470016 -0.276250 -0.404656
0.830000 -0.461307 -0.265000 -0.397548
0.832500 -0.452382 -0.253750 -0.390440
0.835000 -0.443242 -0.242500 -0.383333
0.837500 -0.433890 -0.231250 -0.376225
0.840000 -0.424328 -0.220000 -0.369117
0.842500 -0.414557 -0.208750 -0.362009
0.845000 -0.404581 -0.197500 -0.354901
0.847500 -0.394400 -0.186250 -0.347793
0.850000 -0.384017 -0.175000 -0.340685
0.852500 -0.373435 -0.163750 -0.333578
0.855000 -0.362655 -0.152500 -0.326470
0.857500 -0.351680 -0.141250 -0.319362
0.860000 -0.340513 -0.130000 -0.312254
0.862500 -0.329156 -0.118750 -0.305146
0.865000 -0.317611 -0.107500 -0.298038
0.867500 -0.305881 -0.096250 -0.290930
0.870000 -0.293969 -0.085000 -0.283823
0.872500 -0.281876 -0.073750 -0.276715
0.875000 -0.269607 -0.062500 -0.269607
0.877500 -0.257163 -0.051250 -0.254215
0.880000 -0.244547 -0.040000 -0.238823
0.882500 -0.231763 -0.028750 -0.223430
0.885000 -0.218812 -0.017500 -0.208038
0.887500 -0.205698 -0.006250 -0.192646
0.890000 -0.192424 0.005000 -0.177254
0.892500 -0.178993 0.016250 -0.161862
0.895000 -0.165407 0.027500 -0.146470
0.897500 -0.151670 0.038750 -0.131078
0.900000 -0.137785 0.050000 -0.115685
0.902500 -0.123755 0.061250 -0.100293
0.905000 -0.109583 0.072500 -0.084901
0.907500 -0.095273 0.083750 -0.069509
0.910000 -0.080827 0.095000 -0.054117
0.912500 -0.066249 0.106250 -0.038725
0.915000 -0.051541 0.117500 -0.023333
0.917500 -0.036709 0.128750 -0.007940
0.920000 -0.021754 0.140000 0.007452
0.922500 -0.006680 0.151250 0.022844
0.925000 0.008510 0.162500 0.038236
0.927500 0.023811 0.173750 0.053628
0.930000 0.039221 0.185000 0.069020
0.932500 0.054736 0.196250 0.084412
0.935000 0.070352 0.207500 0.099804
0.937500 0.086067 0.218750 0.115197
0.940000 0.101875 0.230000 0.130589
0.942500 0.117775 0.241250 0.145981
0.945000 0.133762 0.252500 0.161373
0.947500 0.149833 0.263750 0.176765
0.950000 0.165983 0.275000 0.192157
0.952500 0.182210 0.286250 0.207549
0.955000 0.198509 0.297500 0.222942
0.957500 0.214877 0.308750 0.238334
0.960000 0.231310 0.320000 0.253726
0.962500 0.247805 0.331250 0.269118
0.965000 0.264357 0.342500 0.284510
0.967500 0.280963 0.353750 0.299902
0.970000 0.297619 0.365000 0.315294
0.972500 0.314321 0.376250 0.330687
0.975000 0.331066 0.387500 0.346079
0.977500 0.347849 0.398750 0.361471
0.980000 0.364667 0.410000 0.376863
0.982500 0.381516 0.421250 0.392255
0.985000 0.398392 0.432500 0.407647
0.987500 0.415291 0.443750 0.423039
0.990000 0.432209 0.455000 0.438431
0.992500 0.449144 0.466250 0.453824
0.995000 0.466089 0.477500 0.469216
0.997500 0.483043 0.488750 0.484608
1.000000 0.500000 0.500000 0.500000
