z ce mse
-8.000000 0.999665 0.000335
-7.900000 0.999629 0.000370
-7.800000 0.999590 0.000409
-7.700000 0.999547 0.000452
-7.600000 0.999500 0.000500
-7.500000 0.999447 0.000552
-7.400000 0.999389 0.000610
-7.300000 0.999325 0.000674
-7.200000 0.999254 0.000745
-7.100000 0.999176 0.000823
-7.000000 0.999089 0.000909
-6.900000 0.998993 0.001005
-6.800000 0.998887 0.001110
-6.700000 0.998771 0.001226
-6.600000 0.998641 0.001355
-6.500000 0.998499 0.001497
-6.400000 0.998341 0.001653
-6.300000 0.998167 0.001826
-6.200000 0.997975 0.002017
-6.100000 0.997762 0.002228
-6.000000 0.997527 0.002460
-5.900000 0.997268 0.002717
-5.800000 0.996982 0.003000
-5.700000 0.996665 0.003313
-5.600000 0.996316 0.003657
-5.500000 0.995930 0.004037
-5.400000 0.995504 0.004456
-5.300000 0.995033 0.004918
-5.200000 0.994514 0.005426
-5.100000 0.993940 0.005987
-5.000000 0.993307 0.006604
-4.900000 0.992608 0.007283
-4.800000 0.991837 0.008030
-4.700000 0.990987 0.008852
-4.600000 0.990048 0.009755
-4.500000 0.989013 0.010747
-4.400000 0.987872 0.011836
-4.300000 0.986613 0.013031
-4.200000 0.985226 0.014341
-4.100000 0.983698 0.015775
-4.000000 0.982014 0.017345
-3.900000 0.980160 0.019061
-3.800000 0.978119 0.020934
-3.700000 0.975873 0.022977
-3.600000 0.973403 0.025201
-3.500000 0.970688 0.027619
-3.400000 0.967705 0.030243
-3.300000 0.964429 0.033086
-3.200000 0.960834 0.036158
-3.100000 0.956893 0.039471
-3.000000 0.952574 0.043034
-2.900000 0.947846 0.046855
-2.800000 0.942676 0.050940
-2.700000 0.937027 0.055292
-2.600000 0.930862 0.059909
-2.500000 0.924142 0.064786
-2.400000 0.916827 0.069913
-2.300000 0.908877 0.075273
-2.200000 0.900250 0.080843
-2.100000 0.890903 0.086591
-2.000000 0.880797 0.092478
-1.900000 0.869892 0.098455
-1.800000 0.858149 0.104462
-1.700000 0.845535 0.110432
-1.600000 0.832018 0.116286
-1.500000 0.817574 0.121938
-1.400000 0.802184 0.127294
-1.300000 0.785835 0.132255
-1.200000 0.768525 0.136716
-1.100000 0.750260 0.140576
-1.000000 0.731059 0.143735
-0.900000 0.710950 0.146100
-0.800000 0.689974 0.147592
-0.700000 0.668188 0.148146
-0.600000 0.645656 0.147716
-0.500000 0.622459 0.146280
-0.400000 0.598688 0.143841
-0.300000 0.574443 0.140427
-0.200000 0.549834 0.136093
-0.100000 0.524979 0.130917
0.000000 0.500000 0.125000
0.100000 0.475021 0.118459
0.200000 0.450166 0.111424
0.300000 0.425557 0.104031
0.400000 0.401312 0.096420
0.500000 0.377541 0.088723
0.600000 0.354344 0.081068
0.700000 0.331812 0.073567
0.800000 0.310026 0.066317
0.900000 0.289050 0.059400
1.000000 0.268941 0.052877
1.100000 0.249740 0.046794
1.200000 0.231475 0.041178
1.300000 0.214165 0.036044
1.400000 0.197816 0.031390
1.500000 0.182426 0.027208
1.600000 0.167982 0.023478
1.700000 0.154465 0.020174
1.800000 0.141851 0.017267
1.900000 0.130108 0.014726
2.000000 0.119203 0.012516
2.100000 0.109097 0.010604
2.200000 0.099750 0.008958
2.300000 0.091123 0.007547
2.400000 0.083173 0.006342
2.500000 0.075858 0.005318
2.600000 0.069138 0.004450
2.700000 0.062973 0.003716
2.800000 0.057324 0.003098
2.900000 0.052154 0.002578
3.000000 0.047426 0.002143
3.100000 0.043107 0.001778
3.200000 0.039166 0.001474
3.300000 0.035571 0.001220
3.400000 0.032295 0.001009
3.500000 0.029312 0.000834
3.600000 0.026597 0.000689
3.700000 0.024127 0.000568
3.800000 0.021881 0.000468
3.900000 0.019840 0.000386
4.000000 0.017986 0.000318
4.100000 0.016302 0.000261
4.200000 0.014774 0.000215
4.300000 0.013387 0.000177
4.400000 0.012128 0.000145
4.500000 0.010987 0.000119
4.600000 0.009952 0.000098
4.700000 0.009013 0.000081
4.800000 0.008163 0.000066
4.900000 0.007392 0.000054
5.000000 0.006693 0.000044
5.100000 0.006060 0.000036
5.200000 0.005486 0.000030
5.300000 0.004967 0.000025
5.400000 0.004496 0.000020
5.500000 0.004070 0.000016
5.600000 0.003684 0.000014
5.700000 0.003335 0.000011
5.800000 0.003018 0.000009
5.900000 0.002732 0.000007
6.000000 0.002473 0.000006
6.100000 0.002238 0.000005
6.200000 0.002025 0.000004
6.300000 0.001833 0.000003
6.400000 0.001659 0.000003
6.500000 0.001501 0.000002
6.600000 0.001359 0.000002
6.700000 0.001229 0.000002
6.800000 0.001113 0.000001
6.900000 0.001007 0.000001
7.000000 0.000911 0.000001
7.100000 0.000824 0.000001
7.200000 0.000746 0.000001
7.300000 0.000675 0.000000
7.400000 0.000611 0.000000
7.500000 0.000553 0.000000
7.600000 0.000500 0.000000
7.700000 0.000453 0.000000
7.800000 0.000410 0.000000
7.900000 0.000371 0.000000
8.000000 0.000335 0.000000
