z sigmoid tanh relu leaky elu gelu silu softplus
-4.000000 0.017986 -0.999329 0.000000 -0.400000 -0.981684 -0.000127 -0.071945 0.018150
-3.950000 0.018891 -0.999259 0.000000 -0.395000 -0.980745 -0.000154 -0.074619 0.019072
-3.900000 0.019840 -0.999181 0.000000 -0.390000 -0.979758 -0.000188 -0.077377 0.020040
-3.850000 0.020836 -0.999095 0.000000 -0.385000 -0.978720 -0.000227 -0.080220 0.021056
-3.800000 0.021881 -0.999000 0.000000 -0.380000 -0.977629 -0.000275 -0.083149 0.022124
-3.750000 0.022977 -0.998894 0.000000 -0.375000 -0.976482 -0.000332 -0.086165 0.023245
-3.700000 0.024127 -0.998778 0.000000 -0.370000 -0.975276 -0.000399 -0.089270 0.024423
-3.650000 0.025333 -0.998650 0.000000 -0.365000 -0.974009 -0.000479 -0.092464 0.025659
-3.600000 0.026597 -0.998508 0.000000 -0.360000 -0.972676 -0.000573 -0.095749 0.026957
-3.550000 0.027923 -0.998351 0.000000 -0.355000 -0.971275 -0.000684 -0.099125 0.028320
-3.500000 0.029312 -0.998178 0.000000 -0.350000 -0.969803 -0.000814 -0.102593 0.029750
-3.450000 0.030769 -0.997986 0.000000 -0.345000 -0.968254 -0.000967 -0.106153 0.031252
-3.400000 0.032295 -0.997775 0.000000 -0.340000 -0.966627 -0.001146 -0.109805 0.032828
-3.350000 0.033895 -0.997541 0.000000 -0.335000 -0.964916 -0.001354 -0.113549 0.034483
-3.300000 0.035571 -0.997283 0.000000 -0.330000 -0.963117 -0.001595 -0.117385 0.036219
-3.250000 0.037327 -0.996998 0.000000 -0.325000 -0.961226 -0.001875 -0.121312 0.038041
-3.200000 0.039166 -0.996682 0.000000 -0.320000 -0.959238 -0.002199 -0.125330 0.039953
-3.150000 0.041091 -0.996334 0.000000 -0.315000 -0.957148 -0.002572 -0.129438 0.041959
-3.100000 0.043107 -0.995949 0.000000 -0.310000 -0.954951 -0.003000 -0.133632 0.044064
-3.050000 0.045217 -0.995524 0.000000 -0.305000 -0.952641 -0.003490 -0.137913 0.046272
-3.000000 0.047426 -0.995055 0.000000 -0.300000 -0.950213 -0.004050 -0.142278 0.048587
-2.950000 0.049737 -0.994536 0.000000 -0.295000 -0.947660 -0.004687 -0.146723 0.051016
-2.900000 0.052154 -0.993963 0.000000 -0.290000 -0.944977 -0.005411 -0.151245 0.053563
-2.850000 0.054681 -0.993330 0.000000 -0.285000 -0.942156 -0.006230 -0.155842 0.056233
-2.800000 0.057324 -0.992632 0.000000 -0.280000 -0.939190 -0.007154 -0.160508 0.059033
-2.750000 0.060087 -0.991860 0.000000 -0.275000 -0.936072 -0.008194 -0.165238 0.061968
-2.700000 0.062973 -0.991007 0.000000 -0.270000 -0.932794 -0.009361 -0.170028 0.065044
-2.650000 0.065989 -0.990066 0.000000 -0.265000 -0.929349 -0.010665 -0.174871 0.068267
-2.600000 0.069138 -0.989027 0.000000 -0.260000 -0.925726 -0.012119 -0.179760 0.071645
-2.550000 0.072426 -0.987880 0.000000 -0.255000 -0.921918 -0.013735 -0.184688 0.075183
-2.500000 0.075858 -0.986614 0.000000 -0.250000 -0.917915 -0.015524 -0.189645 0.078890
-2.450000 0.079439 -0.985217 0.000000 -0.245000 -0.913706 -0.017500 -0.194624 0.082772
-2.400000 0.083173 -0.983675 0.000000 -0.240000 -0.909282 -0.019674 -0.199614 0.086836
-2.350000 0.087066 -0.981973 0.000000 -0.235000 -0.904631 -0.022059 -0.204605 0.091091
-2.300000 0.091123 -0.980096 0.000000 -0.230000 -0.899741 -0.024665 -0.209583 0.095545
-2.250000 0.095349 -0.978026 0.000000 -0.225000 -0.894601 -0.027505 -0.214536 0.100207
-2.200000 0.099750 -0.975743 0.000000 -0.220000 -0.889197 -0.030588 -0.219451 0.105083
-2.150000 0.104331 -0.973226 0.000000 -0.215000 -0.883516 -0.033922 -0.224312 0.110185
-2.100000 0.109097 -0.970452 0.000000 -0.210000 -0.877544 -0.037515 -0.229103 0.115520
-2.050000 0.114052 -0.967395 0.000000 -0.205000 -0.871265 -0.041374 -0.233807 0.121097
-2.000000 0.119203 -0.964028 0.000000 -0.200000 -0.864665 -0.045500 -0.238406 0.126928
-1.950000 0.124553 -0.960319 0.000000 -0.195000 -0.857726 -0.049897 -0.242879 0.133021
-1.900000 0.130108 -0.956237 0.000000 -0.190000 -0.850431 -0.054561 -0.247206 0.139387
-1.850000 0.135873 -0.951746 0.000000 -0.185000 -0.842763 -0.059490 -0.251365 0.146035
-1.800000 0.141851 -0.946806 0.000000 -0.180000 -0.834701 -0.064675 -0.255332 0.152978
-1.750000 0.148047 -0.941376 0.000000 -0.175000 -0.826226 -0.070104 -0.259083 0.160224
-1.700000 0.154465 -0.935409 0.000000 -0.170000 -0.817316 -0.075761 -0.262591 0.167786
-1.650000 0.161109 -0.928858 0.000000 -0.165000 -0.807950 -0.081628 -0.265830 0.175674
-1.600000 0.167982 -0.921669 0.000000 -0.160000 -0.798103 -0.087679 -0.268771 0.183901
-1.550000 0.175086 -0.913785 0.000000 -0.155000 -0.787752 -0.093885 -0.271384 0.192476
-1.500000 0.182426 -0.905148 0.000000 -0.150000 -0.776870 -0.100211 -0.273638 0.201413
-1.450000 0.190002 -0.895693 0.000000 -0.145000 -0.765430 -0.106617 -0.275502 0.210723
-1.400000 0.197816 -0.885352 0.000000 -0.140000 -0.753403 -0.113059 -0.276943 0.220417
-1.350000 0.205870 -0.874053 0.000000 -0.135000 -0.740760 -0.119486 -0.277925 0.230509
-1.300000 0.214165 -0.861723 0.000000 -0.130000 -0.727468 -0.125841 -0.278415 0.241008
-1.250000 0.222700 -0.848284 0.000000 -0.125000 -0.713495 -0.132062 -0.278375 0.251929
-1.200000 0.231475 -0.833655 0.000000 -0.120000 -0.698806 -0.138084 -0.277770 0.263282
-1.150000 0.240489 -0.817754 0.000000 -0.115000 -0.683363 -0.143833 -0.276562 0.275081
-1.100000 0.249740 -0.800499 0.000000 -0.110000 -0.667129 -0.149233 -0.274714 0.287335
-1.050000 0.259225 -0.781806 0.000000 -0.105000 -0.650062 -0.154202 -0.272186 0.300058
-1.000000 0.268941 -0.761594 0.000000 -0.100000 -0.632121 -0.158655 -0.268941 0.313262
-0.950000 0.278885 -0.739783 0.000000 -0.095000 -0.613259 -0.162503 -0.264941 0.326956
-0.900000 0.289050 -0.716298 0.000000 -0.090000 -0.593430 -0.165654 -0.260145 0.341154
-0.850000 0.299433 -0.691069 0.000000 -0.085000 -0.572585 -0.168013 -0.254518 0.355865
-0.800000 0.310026 -0.664037 0.000000 -0.080000 -0.550671 -0.169484 -0.248020 0.371101
-0.750000 0.320821 -0.635149 0.000000 -0.075000 -0.527633 -0.169971 -0.240616 0.386871
-0.700000 0.331812 -0.604368 0.000000 -0.070000 -0.503415 -0.169375 -0.232269 0.403186
-0.650000 0.342990 -0.571670 0.000000 -0.065000 -0.477954 -0.167600 -0.222943 0.420055
-0.600000 0.354344 -0.537050 0.000000 -0.060000 -0.451188 -0.164552 -0.212606 0.437488
-0.550000 0.365864 -0.500520 0.000000 -0.055000 -0.423050 -0.160138 -0.201225 0.455492
-0.500000 0.377541 -0.462117 0.000000 -0.050000 -0.393469 -0.154269 -0.188770 0.474077
-0.450000 0.389361 -0.421899 0.000000 -0.045000 -0.362372 -0.146860 -0.175212 0.493249
-0.400000 0.401312 -0.379949 0.000000 -0.040000 -0.329680 -0.137831 -0.160525 0.513015
-0.350000 0.413382 -0.336376 0.000000 -0.035000 -0.295312 -0.127109 -0.144684 0.533382
-0.300000 0.425557 -0.291313 0.000000 -0.030000 -0.259182 -0.114627 -0.127667 0.554355
-0.250000 0.437823 -0.244919 0.000000 -0.025000 -0.221199 -0.100323 -0.109456 0.575939
-0.200000 0.450166 -0.197375 0.000000 -0.020000 -0.181269 -0.084148 -0.090033 0.598139
-0.150000 0.462570 -0.148885 0.000000 -0.015000 -0.139292 -0.066057 -0.069386 0.620957
-0.100000 0.475021 -0.099668 0.000000 -0.010000 -0.095163 -0.046017 -0.047502 0.644397
-0.050000 0.487503 -0.049958 0.000000 -0.005000 -0.048771 -0.024003 -0.024375 0.668460
0.000000 0.500000 0.000000 0.000000 0.000000 0.000000 0.000000 0.000000 0.693147
0.050000 0.512497 0.049958 0.050000 0.050000 0.050000 0.025997 0.025625 0.718460
0.100000 0.524979 0.099668 0.100000 0.100000 0.100000 0.053983 0.052498 0.744397
0.150000 0.537430 0.148885 0.150000 0.150000 0.150000 0.083943 0.080614 0.770957
0.200000 0.549834 0.197375 0.200000 0.200000 0.200000 0.115852 0.109967 0.798139
0.250000 0.562177 0.244919 0.250000 0.250000 0.250000 0.149677 0.140544 0.825939
0.300000 0.574443 0.291313 0.300000 0.300000 0.300000 0.185373 0.172333 0.854355
0.350000 0.586618 0.336376 0.350000 0.350000 0.350000 0.222891 0.205316 0.883382
0.400000 0.598688 0.379949 0.400000 0.400000 0.400000 0.262169 0.239475 0.913015
0.450000 0.610639 0.421899 0.450000 0.450000 0.450000 0.303140 0.274788 0.943249
0.500000 0.622459 0.462117 0.500000 0.500000 0.500000 0.345731 0.311230 0.974077
0.550000 0.634136 0.500520 0.550000 0.550000 0.550000 0.389862 0.348775 1.005492
0.600000 0.645656 0.537050 0.600000 0.600000 0.600000 0.435448 0.387394 1.037488
0.650000 0.657010 0.571670 0.650000 0.650000 0.650000 0.482400 0.427057 1.070055
0.700000 0.668188 0.604368 0.700000 0.700000 0.700000 0.530625 0.467731 1.103186
0.750000 0.679179 0.635149 0.750000 0.750000 0.750000 0.580029 0.509384 1.136871
0.800000 0.689974 0.664037 0.800000 0.800000 0.800000 0.630516 0.551980 1.171101
0.850000 0.700567 0.691069 0.850000 0.850000 0.850000 0.681987 0.595482 1.205865
0.900000 0.710950 0.716298 0.900000 0.900000 0.900000 0.734346 0.639855 1.241154
0.950000 0.721115 0.739783 0.950000 0.950000 0.950000 0.787497 0.685059 1.276956
1.000000 0.731059 0.761594 1.000000 1.000000 1.000000 0.841345 0.731059 1.313262
1.050000 0.740775 0.781806 1.050000 1.050000 1.050000 0.895798 0.777814 1.350058
1.100000 0.750260 0.800499 1.100000 1.100000 1.100000 0.950767 0.825286 1.387335
1.150000 0.759511 0.817754 1.150000 1.150000 1.150000 1.006167 0.873438 1.425081
1.200000 0.768525 0.833655 1.200000 1.200000 1.200000 1.061916 0.922230 1.463282
1.250000 0.777300 0.848284 1.250000 1.250000 1.250000 1.117938 0.971625 1.501929
1.300000 0.785835 0.861723 1.300000 1.300000 1.300000 1.174159 1.021585 1.541008
1.350000 0.794130 0.874053 1.350000 1.350000 1.350000 1.230514 1.072075 1.580509
1.400000 0.802184 0.885352 1.400000 1.400000 1.400000 1.286941 1.123057 1.620417
1.450000 0.809998 0.895693 1.450000 1.450000 1.450000 1.343383 1.174498 1.660723
1.500000 0.817574 0.905148 1.500000 1.500000 1.500000 1.399789 1.226362 1.701413
1.550000 0.824914 0.913785 1.550000 1.550000 1.550000 1.456115 1.278616 1.742476
1.600000 0.832018 0.921669 1.600000 1.600000 1.600000 1.512321 1.331229 1.783901
1.650000 0.838891 0.928858 1.650000 1.650000 1.650000 1.568372 1.384170 1.825674
1.700000 0.845535 0.935409 1.700000 1.700000 1.700000 1.624239 1.437409 1.867786
1.750000 0.851953 0.941376 1.750000 1.750000 1.750000 1.679896 1.490917 1.910224
1.800000 0.858149 0.946806 1.800000 1.800000 1.800000 1.735325 1.544668 1.952978
1.850000 0.864127 0.951746 1.850000 1.850000 1.850000 1.790510 1.598635 1.996035
1.900000 0.869892 0.956237 1.900000 1.900000 1.900000 1.845439 1.652794 2.039387
1.950000 0.875447 0.960319 1.950000 1.950000 1.950000 1.900103 1.707121 2.083021
2.000000 0.880797 0.964028 2.000000 2.000000 2.000000 1.954500 1.761594 2.126928
2.050000 0.885948 0.967395 2.050000 2.050000 2.050000 2.008626 1.816193 2.171097
2.100000 0.890903 0.970452 2.100000 2.100000 2.100000 2.062485 1.870897 2.215520
2.150000 0.895669 0.973226 2.150000 2.150000 2.150000 2.116078 1.925688 2.260185
2.200000 0.900250 0.975743 2.200000 2.200000 2.200000 2.169412 1.980549 2.305083
2.250000 0.904651 0.978026 2.250000 2.250000 2.250000 2.222495 2.035464 2.350207
2.300000 0.908877 0.980096 2.300000 2.300000 2.300000 2.275335 2.090417 2.395545
2.350000 0.912934 0.981973 2.350000 2.350000 2.350000 2.327941 2.145395 2.441091
2.400000 0.916827 0.983675 2.400000 2.400000 2.400000 2.380326 2.200386 2.486836
2.450000 0.920561 0.985217 2.450000 2.450000 2.450000 2.432500 2.255376 2.532772
2.500000 0.924142 0.986614 2.500000 2.500000 2.500000 2.484476 2.310355 2.578890
2.550000 0.927574 0.987880 2.550000 2.550000 2.550000 2.536265 2.365312 2.625183
2.600000 0.930862 0.989027 2.600000 2.600000 2.600000 2.587881 2.420240 2.671645
2.650000 0.934011 0.990066 2.650000 2.650000 2.650000 2.639335 2.475129 2.718267
2.700000 0.937027 0.991007 2.700000 2.700000 2.700000 2.690639 2.529972 2.765044
2.750000 0.939913 0.991860 2.750000 2.750000 2.750000 2.741806 2.584762 2.811968
2.800000 0.942676 0.992632 2.800000 2.800000 2.800000 2.792846 2.639492 2.859033
2.850000 0.945319 0.993330 2.850000 2.850000 2.850000 2.843770 2.694158 2.906233
2.900000 0.947846 0.993963 2.900000 2.900000 2.900000 2.894589 2.748755 2.953563
2.950000 0.950263 0.994536 2.950000 2.950000 2.950000 2.945313 2.803277 3.001016
3.000000 0.952574 0.995055 3.000000 3.000000 3.000000 2.995950 2.857722 3.048587
3.050000 0.954783 0.995524 3.050000 3.050000 3.050000 3.046510 2.912087 3.096272
3.100000 0.956893 0.995949 3.100000 3.100000 3.100000 3.097000 2.966368 3.144064
3.150000 0.958909 0.996334 3.150000 3.150000 3.150000 3.147428 3.020562 3.191959
3.200000 0.960834 0.996682 3.200000 3.200000 3.200000 3.197801 3.074670 3.239953
3.250000 0.962673 0.996998 3.250000 3.250000 3.250000 3.248125 3.128688 3.288041
3.300000 0.964429 0.997283 3.300000 3.300000 3.300000 3.298405 3.182615 3.336219
3.350000 0.966105 0.997541 3.350000 3.350000 3.350000 3.348646 3.236451 3.384483
3.400000 0.967705 0.997775 3.400000 3.400000 3.400000 3.398854 3.290195 3.432828
3.450000 0.969231 0.997986 3.450000 3.450000 3.450000 3.449033 3.343847 3.481252
3.500000 0.970688 0.998178 3.500000 3.500000 3.500000 3.499186 3.397407 3.529750
3.550000 0.972077 0.998351 3.550000 3.550000 3.550000 3.549316 3.450875 3.578320
3.600000 0.973403 0.998508 3.600000 3.600000 3.600000 3.599427 3.504251 3.626957
3.650000 0.974667 0.998650 3.650000 3.650000 3.650000 3.649521 3.557536 3.675659
3.700000 0.975873 0.998778 3.700000 3.700000 3.700000 3.699601 3.610730 3.724423
3.750000 0.977023 0.998894 3.750000 3.750000 3.750000 3.749668 3.663835 3.773245
3.800000 0.978119 0.999000 3.800000 3.800000 3.800000 3.799725 3.716851 3.822124
3.850000 0.979164 0.999095 3.850000 3.850000 3.850000 3.849773 3.769780 3.871056
3.900000 0.980160 0.999181 3.900000 3.900000 3.900000 3.899812 3.822623 3.920040
3.950000 0.981109 0.999259 3.950000 3.950000 3.950000 3.949846 3.875381 3.969072
4.000000 0.982014 0.999329 4.000000 4.000000 4.000000 3.999873 3.928055 4.018150
