m zeroone hinge logistic square
-2.500000 1.000000 3.500000 3.720551 12.250000
-2.475000 1.000000 3.475000 3.687252 12.075625
-2.450000 1.000000 3.450000 3.654017 11.902500
-2.425000 1.000000 3.425000 3.620848 11.730625
-2.400000 1.000000 3.400000 3.587746 11.560000
-2.375000 1.000000 3.375000 3.554713 11.390625
-2.350000 1.000000 3.350000 3.521751 11.222500
-2.325000 1.000000 3.325000 3.488859 11.055625
-2.300000 1.000000 3.300000 3.456042 10.890000
-2.275000 1.000000 3.275000 3.423298 10.725625
-2.250000 1.000000 3.250000 3.390631 10.562500
-2.225000 1.000000 3.225000 3.358042 10.400625
-2.200000 1.000000 3.200000 3.325532 10.240000
-2.175000 1.000000 3.175000 3.293103 10.080625
-2.150000 1.000000 3.150000 3.260757 9.922500
-2.125000 1.000000 3.125000 3.228495 9.765625
-2.100000 1.000000 3.100000 3.196319 9.610000
-2.075000 1.000000 3.075000 3.164231 9.455625
-2.050000 1.000000 3.050000 3.132232 9.302500
-2.025000 1.000000 3.025000 3.100324 9.150625
-2.000000 1.000000 3.000000 3.068508 9.000000
-1.975000 1.000000 2.975000 3.036788 8.850625
-1.950000 1.000000 2.950000 3.005164 8.702500
-1.925000 1.000000 2.925000 2.973639 8.555625
-1.900000 1.000000 2.900000 2.942213 8.410000
-1.875000 1.000000 2.875000 2.910890 8.265625
-1.850000 1.000000 2.850000 2.879670 8.122500
-1.825000 1.000000 2.825000 2.848557 7.980625
-1.800000 1.000000 2.800000 2.817551 7.840000
-1.775000 1.000000 2.775000 2.786655 7.700625
-1.750000 1.000000 2.750000 2.755871 7.562500
-1.725000 1.000000 2.725000 2.725200 7.425625
-1.700000 1.000000 2.700000 2.694646 7.290000
-1.675000 1.000000 2.675000 2.664209 7.155625
-1.650000 1.000000 2.650000 2.633891 7.022500
-1.625000 1.000000 2.625000 2.603696 6.890625
-1.600000 1.000000 2.600000 2.573625 6.760000
-1.575000 1.000000 2.575000 2.543679 6.630625
-1.550000 1.000000 2.550000 2.513862 6.502500
-1.525000 1.000000 2.525000 2.484175 6.375625
-1.500000 1.000000 2.500000 2.454620 6.250000
-1.475000 1.000000 2.475000 2.425200 6.125625
-1.450000 1.000000 2.450000 2.395917 6.002500
-1.425000 1.000000 2.425000 2.366772 5.880625
-1.400000 1.000000 2.400000 2.337768 5.760000
-1.375000 1.000000 2.375000 2.308907 5.640625
-1.350000 1.000000 2.350000 2.280192 5.522500
-1.325000 1.000000 2.325000 2.251624 5.405625
-1.300000 1.000000 2.300000 2.223205 5.290000
-1.275000 1.000000 2.275000 2.194938 5.175625
-1.250000 1.000000 2.250000 2.166826 5.062500
-1.225000 1.000000 2.225000 2.138869 4.950625
-1.200000 1.000000 2.200000 2.111070 4.840000
-1.175000 1.000000 2.175000 2.083432 4.730625
-1.150000 1.000000 2.150000 2.055957 4.622500
-1.125000 1.000000 2.125000 2.028646 4.515625
-1.100000 1.000000 2.100000 2.001502 4.410000
-1.075000 1.000000 2.075000 1.974527 4.305625
-1.050000 1.000000 2.050000 1.947723 4.202500
-1.025000 1.000000 2.025000 1.921092 4.100625
-1.000000 1.000000 2.000000 1.894636 4.000000
-0.975000 1.000000 1.975000 1.868358 3.900625
-0.950000 1.000000 1.950000 1.842259 3.802500
-0.925000 1.000000 1.925000 1.816341 3.705625
-0.900000 1.000000 1.900000 1.790607 3.610000
-0.875000 1.000000 1.875000 1.765057 3.515625
-0.850000 1.000000 1.850000 1.739696 3.422500
-0.825000 1.000000 1.825000 1.714523 3.330625
-0.800000 1.000000 1.800000 1.689541 3.240000
-0.775000 1.000000 1.775000 1.664752 3.150625
-0.750000 1.000000 1.750000 1.640158 3.062500
-0.725000 1.000000 1.725000 1.615760 2.975625
-0.700000 1.000000 1.700000 1.591561 2.890000
-0.675000 1.000000 1.675000 1.567561 2.805625
-0.650000 1.000000 1.650000 1.543764 2.722500
-0.625000 1.000000 1.625000 1.520169 2.640625
-0.600000 1.000000 1.600000 1.496779 2.560000
-0.575000 1.000000 1.575000 1.473595 2.480625
-0.550000 1.000000 1.550000 1.450619 2.402500
-0.525000 1.000000 1.525000 1.427852 2.325625
-0.500000 1.000000 1.500000 1.405296 2.250000
-0.475000 1.000000 1.475000 1.382952 2.175625
-0.450000 1.000000 1.450000 1.360821 2.102500
-0.425000 1.000000 1.425000 1.338904 2.030625
-0.400000 1.000000 1.400000 1.317203 1.960000
-0.375000 1.000000 1.375000 1.295718 1.890625
-0.350000 1.000000 1.350000 1.274451 1.822500
-0.325000 1.000000 1.325000 1.253403 1.755625
-0.300000 1.000000 1.300000 1.232574 1.690000
-0.275000 1.000000 1.275000 1.211966 1.625625
-0.250000 1.000000 1.250000 1.191579 1.562500
-0.225000 1.000000 1.225000 1.171414 1.500625
-0.200000 1.000000 1.200000 1.151471 1.440000
-0.175000 1.000000 1.175000 1.131752 1.380625
-0.150000 1.000000 1.150000 1.112256 1.322500
-0.125000 1.000000 1.125000 1.092984 1.265625
-0.100000 1.000000 1.100000 1.073937 1.210000
-0.075000 1.000000 1.075000 1.055115 1.155625
-0.050000 1.000000 1.050000 1.036518 1.102500
-0.025000 1.000000 1.025000 1.018146 1.050625
0.000000 1.000000 1.000000 1.000000 1.000000
0.025000 0.000000 0.975000 0.982079 0.950625
0.050000 0.000000 0.950000 0.964383 0.902500
0.075000 0.000000 0.925000 0.946913 0.855625
0.100000 0.000000 0.900000 0.929668 0.810000
0.125000 0.000000 0.875000 0.912647 0.765625
0.150000 0.000000 0.850000 0.895852 0.722500
0.175000 0.000000 0.825000 0.879280 0.680625
0.200000 0.000000 0.800000 0.862932 0.640000
0.225000 0.000000 0.775000 0.846807 0.600625
0.250000 0.000000 0.750000 0.830905 0.562500
0.275000 0.000000 0.725000 0.815225 0.525625
0.300000 0.000000 0.700000 0.799766 0.490000
0.325000 0.000000 0.675000 0.784527 0.455625
0.350000 0.000000 0.650000 0.769508 0.422500
0.375000 0.000000 0.625000 0.754707 0.390625
0.400000 0.000000 0.600000 0.740125 0.360000
0.425000 0.000000 0.575000 0.725758 0.330625
0.450000 0.000000 0.550000 0.711608 0.302500
0.475000 0.000000 0.525000 0.697672 0.275625
0.500000 0.000000 0.500000 0.683949 0.250000
0.525000 0.000000 0.475000 0.670437 0.225625
0.550000 0.000000 0.450000 0.657137 0.202500
0.575000 0.000000 0.425000 0.644045 0.180625
0.600000 0.000000 0.400000 0.631162 0.160000
0.625000 0.000000 0.375000 0.618484 0.140625
0.650000 0.000000 0.350000 0.606012 0.122500
0.675000 0.000000 0.325000 0.593742 0.105625
0.700000 0.000000 0.300000 0.581675 0.090000
0.725000 0.000000 0.275000 0.569807 0.075625
0.750000 0.000000 0.250000 0.558137 0.062500
0.775000 0.000000 0.225000 0.546664 0.050625
0.800000 0.000000 0.200000 0.535385 0.040000
0.825000 0.000000 0.175000 0.524299 0.030625
0.850000 0.000000 0.150000 0.513405 0.022500
0.875000 0.000000 0.125000 0.502699 0.015625
0.900000 0.000000 0.100000 0.492181 0.010000
0.925000 0.000000 0.075000 0.481848 0.005625
0.950000 0.000000 0.050000 0.471698 0.002500
0.975000 0.000000 0.025000 0.461730 0.000625
1.000000 0.000000 0.000000 0.451941 0.000000
1.025000 0.000000 0.000000 0.442329 0.000625
1.050000 0.000000 0.000000 0.432893 0.002500
1.075000 0.000000 0.000000 0.423630 0.005625
1.100000 0.000000 0.000000 0.414537 0.010000
1.125000 0.000000 0.000000 0.405614 0.015625
1.150000 0.000000 0.000000 0.396857 0.022500
1.175000 0.000000 0.000000 0.388266 0.030625
1.200000 0.000000 0.000000 0.379836 0.040000
1.225000 0.000000 0.000000 0.371567 0.050625
1.250000 0.000000 0.000000 0.363457 0.062500
1.275000 0.000000 0.000000 0.355502 0.075625
1.300000 0.000000 0.000000 0.347702 0.090000
1.325000 0.000000 0.000000 0.340053 0.105625
1.350000 0.000000 0.000000 0.332554 0.122500
1.375000 0.000000 0.000000 0.325202 0.140625
1.400000 0.000000 0.000000 0.317995 0.160000
1.425000 0.000000 0.000000 0.310932 0.180625
1.450000 0.000000 0.000000 0.304009 0.202500
1.475000 0.000000 0.000000 0.297225 0.225625
1.500000 0.000000 0.000000 0.290578 0.250000
1.525000 0.000000 0.000000 0.284065 0.275625
1.550000 0.000000 0.000000 0.277685 0.302500
1.575000 0.000000 0.000000 0.271435 0.330625
1.600000 0.000000 0.000000 0.265313 0.360000
1.625000 0.000000 0.000000 0.259317 0.390625
1.650000 0.000000 0.000000 0.253445 0.422500
1.675000 0.000000 0.000000 0.247694 0.455625
1.700000 0.000000 0.000000 0.242064 0.490000
1.725000 0.000000 0.000000 0.236551 0.525625
1.750000 0.000000 0.000000 0.231155 0.562500
1.775000 0.000000 0.000000 0.225871 0.600625
1.800000 0.000000 0.000000 0.220700 0.640000
1.825000 0.000000 0.000000 0.215638 0.680625
1.850000 0.000000 0.000000 0.210685 0.722500
1.875000 0.000000 0.000000 0.205837 0.765625
1.900000 0.000000 0.000000 0.201093 0.810000
1.925000 0.000000 0.000000 0.196451 0.855625
1.950000 0.000000 0.000000 0.191909 0.902500
1.975000 0.000000 0.000000 0.187465 0.950625
2.000000 0.000000 0.000000 0.183118 1.000000
2.025000 0.000000 0.000000 0.178866 1.050625
2.050000 0.000000 0.000000 0.174707 1.102500
2.075000 0.000000 0.000000 0.170638 1.155625
2.100000 0.000000 0.000000 0.166659 1.210000
2.125000 0.000000 0.000000 0.162768 1.265625
2.150000 0.000000 0.000000 0.158963 1.322500
2.175000 0.000000 0.000000 0.155242 1.380625
2.200000 0.000000 0.000000 0.151603 1.440000
2.225000 0.000000 0.000000 0.148046 1.500625
2.250000 0.000000 0.000000 0.144568 1.562500
2.275000 0.000000 0.000000 0.141167 1.625625
2.300000 0.000000 0.000000 0.137843 1.690000
2.325000 0.000000 0.000000 0.134593 1.755625
2.350000 0.000000 0.000000 0.131417 1.822500
2.375000 0.000000 0.000000 0.128313 1.890625
2.400000 0.000000 0.000000 0.125278 1.960000
2.425000 0.000000 0.000000 0.122312 2.030625
2.450000 0.000000 0.000000 0.119414 2.102500
2.475000 0.000000 0.000000 0.116582 2.175625
2.500000 0.000000 0.000000 0.113814 2.250000
