z sigmoid tanh relu gelu silu
-4.000000 0.017663 0.001341 0.000000 -0.000504 -0.052665
-3.950000 0.018534 0.001482 0.000000 -0.000606 -0.054319
-3.900000 0.019447 0.001638 0.000000 -0.000727 -0.056002
-3.850000 0.020402 0.001810 0.000000 -0.000869 -0.057712
-3.800000 0.021402 0.002000 0.000000 -0.001037 -0.059448
-3.750000 0.022449 0.002210 0.000000 -0.001234 -0.061208
-3.700000 0.023545 0.002442 0.000000 -0.001464 -0.062989
-3.650000 0.024691 0.002699 0.000000 -0.001732 -0.064789
-3.600000 0.025890 0.002982 0.000000 -0.002044 -0.066606
-3.550000 0.027143 0.003295 0.000000 -0.002405 -0.068435
-3.500000 0.028453 0.003641 0.000000 -0.002822 -0.070273
-3.450000 0.029822 0.004023 0.000000 -0.003302 -0.072118
-3.400000 0.031252 0.004445 0.000000 -0.003853 -0.073963
-3.350000 0.032746 0.004912 0.000000 -0.004483 -0.075805
-3.300000 0.034306 0.005427 0.000000 -0.005201 -0.077638
-3.250000 0.035934 0.005996 0.000000 -0.006017 -0.079457
-3.200000 0.037632 0.006624 0.000000 -0.006942 -0.081256
-3.150000 0.039403 0.007318 0.000000 -0.007986 -0.083027
-3.100000 0.041249 0.008085 0.000000 -0.009160 -0.084765
-3.050000 0.043173 0.008931 0.000000 -0.010476 -0.086460
-3.000000 0.045177 0.009866 0.000000 -0.011946 -0.088104
-2.950000 0.047263 0.010898 0.000000 -0.013582 -0.089689
-2.900000 0.049434 0.012037 0.000000 -0.015397 -0.091204
-2.850000 0.051691 0.013295 0.000000 -0.017401 -0.092639
-2.800000 0.054038 0.014683 0.000000 -0.019608 -0.093983
-2.750000 0.056476 0.016214 0.000000 -0.022028 -0.095223
-2.700000 0.059008 0.017904 0.000000 -0.024670 -0.096347
-2.650000 0.061634 0.019769 0.000000 -0.027543 -0.097342
-2.600000 0.064358 0.021825 0.000000 -0.030655 -0.098193
-2.550000 0.067181 0.024092 0.000000 -0.034010 -0.098885
-2.500000 0.070104 0.026592 0.000000 -0.037611 -0.099401
-2.450000 0.073128 0.029348 0.000000 -0.041459 -0.099725
-2.400000 0.076255 0.032384 0.000000 -0.045549 -0.099839
-2.350000 0.079485 0.035728 0.000000 -0.049876 -0.099725
-2.300000 0.082820 0.039411 0.000000 -0.054428 -0.099362
-2.250000 0.086258 0.043465 0.000000 -0.059190 -0.098731
-2.200000 0.089800 0.047925 0.000000 -0.064141 -0.097810
-2.150000 0.093446 0.052831 0.000000 -0.069255 -0.096578
-2.100000 0.097195 0.058223 0.000000 -0.074501 -0.095012
-2.050000 0.101044 0.064147 0.000000 -0.079841 -0.093089
-2.000000 0.104994 0.070651 0.000000 -0.085232 -0.090784
-1.950000 0.109040 0.077787 0.000000 -0.090622 -0.088074
-1.900000 0.113180 0.085610 0.000000 -0.095953 -0.084934
-1.850000 0.117411 0.094180 0.000000 -0.101163 -0.081338
-1.800000 0.121729 0.103558 0.000000 -0.106180 -0.077262
-1.750000 0.126129 0.113812 0.000000 -0.110926 -0.072679
-1.700000 0.130606 0.125010 0.000000 -0.115318 -0.067565
-1.650000 0.135153 0.137224 0.000000 -0.119266 -0.061893
-1.600000 0.139764 0.150527 0.000000 -0.122674 -0.055640
-1.550000 0.144431 0.164996 0.000000 -0.125443 -0.048782
-1.500000 0.149146 0.180707 0.000000 -0.127469 -0.041294
-1.450000 0.153901 0.197734 0.000000 -0.128645 -0.033155
-1.400000 0.158685 0.216152 0.000000 -0.128862 -0.024343
-1.350000 0.163488 0.236031 0.000000 -0.128010 -0.014838
-1.300000 0.168298 0.257433 0.000000 -0.125979 -0.004623
-1.250000 0.173105 0.280415 0.000000 -0.122662 0.006319
-1.200000 0.177894 0.305020 0.000000 -0.117954 0.018002
-1.150000 0.182654 0.331278 0.000000 -0.111755 0.030437
-1.100000 0.187370 0.359201 0.000000 -0.103971 0.043633
-1.050000 0.192027 0.388779 0.000000 -0.094517 0.057596
-1.000000 0.196612 0.419974 0.000000 -0.083315 0.072329
-0.950000 0.201108 0.452721 0.000000 -0.070300 0.087832
-0.900000 0.205500 0.486917 0.000000 -0.055417 0.104100
-0.850000 0.209773 0.522423 0.000000 -0.038625 0.121126
-0.800000 0.213910 0.559055 0.000000 -0.019898 0.138898
-0.750000 0.217895 0.596586 0.000000 0.000774 0.157400
-0.700000 0.221713 0.634740 0.000000 0.023386 0.176613
-0.650000 0.225348 0.673193 0.000000 0.047914 0.196514
-0.600000 0.228784 0.711578 0.000000 0.074318 0.217073
-0.550000 0.232008 0.749480 0.000000 0.102541 0.238260
-0.500000 0.235004 0.786448 0.000000 0.132505 0.260039
-0.450000 0.237759 0.822001 0.000000 0.164118 0.282369
-0.400000 0.240261 0.855639 0.000000 0.197270 0.305208
-0.350000 0.242497 0.886851 0.000000 0.231835 0.328508
-0.300000 0.244458 0.915137 0.000000 0.267672 0.352220
-0.250000 0.246134 0.940015 0.000000 0.304627 0.376290
-0.200000 0.247517 0.961043 0.000000 0.342532 0.400663
-0.150000 0.248599 0.977833 0.000000 0.381210 0.425280
-0.100000 0.249376 0.990066 0.000000 0.420477 0.450083
-0.050000 0.249844 0.997504 0.000000 0.460139 0.475010
0.000000 0.250000 1.000000 0.000000 0.500000 0.500000
0.050000 0.249844 0.997504 1.000000 0.539861 0.524990
0.100000 0.249376 0.990066 1.000000 0.579523 0.549917
0.150000 0.248599 0.977833 1.000000 0.618790 0.574720
0.200000 0.247517 0.961043 1.000000 0.657468 0.599337
0.250000 0.246134 0.940015 1.000000 0.695373 0.623710
0.300000 0.244458 0.915137 1.000000 0.732328 0.647780
0.350000 0.242497 0.886851 1.000000 0.768165 0.671492
0.400000 0.240261 0.855639 1.000000 0.802730 0.694792
0.450000 0.237759 0.822001 1.000000 0.835882 0.717631
0.500000 0.235004 0.786448 1.000000 0.867495 0.739961
0.550000 0.232008 0.749480 1.000000 0.897459 0.761740
0.600000 0.228784 0.711578 1.000000 0.925682 0.782927
0.650000 0.225348 0.673193 1.000000 0.952086 0.803486
0.700000 0.221713 0.634740 1.000000 0.976614 0.823387
0.750000 0.217895 0.596586 1.000000 0.999226 0.842600
0.800000 0.213910 0.559055 1.000000 1.019898 0.861102
0.850000 0.209773 0.522423 1.000000 1.038625 0.878874
0.900000 0.205500 0.486917 1.000000 1.055417 0.895900
0.950000 0.201108 0.452721 1.000000 1.070300 0.912168
1.000000 0.196612 0.419974 1.000000 1.083315 0.927671
1.050000 0.192027 0.388779 1.000000 1.094517 0.942404
1.100000 0.187370 0.359201 1.000000 1.103971 0.956367
1.150000 0.182654 0.331278 1.000000 1.111755 0.969563
1.200000 0.177894 0.305020 1.000000 1.117954 0.981998
1.250000 0.173105 0.280415 1.000000 1.122662 0.993681
1.300000 0.168298 0.257433 1.000000 1.125979 1.004623
1.350000 0.163488 0.236031 1.000000 1.128010 1.014838
1.400000 0.158685 0.216152 1.000000 1.128862 1.024343
1.450000 0.153901 0.197734 1.000000 1.128645 1.033155
1.500000 0.149146 0.180707 1.000000 1.127469 1.041294
1.550000 0.144431 0.164996 1.000000 1.125443 1.048782
1.600000 0.139764 0.150527 1.000000 1.122674 1.055640
1.650000 0.135153 0.137224 1.000000 1.119266 1.061893
1.700000 0.130606 0.125010 1.000000 1.115318 1.067565
1.750000 0.126129 0.113812 1.000000 1.110926 1.072679
1.800000 0.121729 0.103558 1.000000 1.106180 1.077262
1.850000 0.117411 0.094180 1.000000 1.101163 1.081338
1.900000 0.113180 0.085610 1.000000 1.095953 1.084934
1.950000 0.109040 0.077787 1.000000 1.090622 1.088074
2.000000 0.104994 0.070651 1.000000 1.085232 1.090784
2.050000 0.101044 0.064147 1.000000 1.079841 1.093089
2.100000 0.097195 0.058223 1.000000 1.074501 1.095012
2.150000 0.093446 0.052831 1.000000 1.069255 1.096578
2.200000 0.089800 0.047925 1.000000 1.064141 1.097810
2.250000 0.086258 0.043465 1.000000 1.059190 1.098731
2.300000 0.082820 0.039411 1.000000 1.054428 1.099362
2.350000 0.079485 0.035728 1.000000 1.049876 1.099725
2.400000 0.076255 0.032384 1.000000 1.045549 1.099839
2.450000 0.073128 0.029348 1.000000 1.041459 1.099725
2.500000 0.070104 0.026592 1.000000 1.037611 1.099401
2.550000 0.067181 0.024092 1.000000 1.034010 1.098885
2.600000 0.064358 0.021825 1.000000 1.030655 1.098193
2.650000 0.061634 0.019769 1.000000 1.027543 1.097342
2.700000 0.059008 0.017904 1.000000 1.024670 1.096347
2.750000 0.056476 0.016214 1.000000 1.022028 1.095223
2.800000 0.054038 0.014683 1.000000 1.019608 1.093983
2.850000 0.051691 0.013295 1.000000 1.017401 1.092639
2.900000 0.049434 0.012037 1.000000 1.015397 1.091204
2.950000 0.047263 0.010898 1.000000 1.013582 1.089689
3.000000 0.045177 0.009866 1.000000 1.011946 1.088104
3.050000 0.043173 0.008931 1.000000 1.010476 1.086460
3.100000 0.041249 0.008085 1.000000 1.009160 1.084765
3.150000 0.039403 0.007318 1.000000 1.007986 1.083027
3.200000 0.037632 0.006624 1.000000 1.006942 1.081256
3.250000 0.035934 0.005996 1.000000 1.006017 1.079457
3.300000 0.034306 0.005427 1.000000 1.005201 1.077638
3.350000 0.032746 0.004912 1.000000 1.004483 1.075805
3.400000 0.031252 0.004445 1.000000 1.003853 1.073963
3.450000 0.029822 0.004023 1.000000 1.003302 1.072118
3.500000 0.028453 0.003641 1.000000 1.002822 1.070273
3.550000 0.027143 0.003295 1.000000 1.002405 1.068435
3.600000 0.025890 0.002982 1.000000 1.002044 1.066606
3.650000 0.024691 0.002699 1.000000 1.001732 1.064789
3.700000 0.023545 0.002442 1.000000 1.001464 1.062989
3.750000 0.022449 0.002210 1.000000 1.001234 1.061208
3.800000 0.021402 0.002000 1.000000 1.001037 1.059448
3.850000 0.020402 0.001810 1.000000 1.000869 1.057712
3.900000 0.019447 0.001638 1.000000 1.000727 1.056002
3.950000 0.018534 0.001482 1.000000 1.000606 1.054319
4.000000 0.017663 0.001341 1.000000 1.000504 1.052665
