h fwd cen
0.1000000000000000 0.0107460281358779 0.2387803302672847
0.0316227766016838 0.0148323317985191 0.0101990598254789
0.0100000000000000 0.0110338067106674 0.0063973797376597
0.0031622776601684 0.0005570315613944 0.0000000405531580
0.0010000000000000 0.0001761400926620 0.0000000040540829
0.0003162277660168 0.0000556995091350 0.0000000004090501
0.0001000000000000 0.0000176136378804 0.0000000000592530
0.0000316227766017 0.0000055698167033 0.0000000000248961
0.0000100000000000 0.0000017607513106 0.0000000002444477
0.0000031622776602 0.0000005555708863 0.0000000000248960
0.0000010000000000 0.0000001730984621 0.0000000002227840
0.0000003162277660 0.0000000487829217 0.0000000044574437
0.0000001000000000 0.0000000137941628 0.0000000095674153
0.0000000316227766 0.0000002171699459 0.0000000694183528
0.0000000100000000 0.0000007613646625 0.0000002941331002
0.0000000031622777 0.0000019901890638 0.0000005126731321
0.0000000010000000 0.0000063681434100 0.0000016958277871
0.0000000003162278 0.0000123328005847 0.0000049452209269
0.0000000001000000 0.0000624359308851 0.0000157127746559
0.0000000000316228 0.0001305340751098 0.0000566582785316
0.0000000000100000 0.0008100064305531 0.0003427748682606
0.0000000000031623 0.0017558015998293 0.0002782856682661
0.0000000000010000 0.0045478589288932 0.0022117011174306
0.0000000000003162 0.0047108334629557 0.0026767461948601
