layer sig tanh relu relubig
1 -18.263951 -0.728709 -0.102444 5.004203
2 -17.645800 -0.642715 -0.078950 4.851605
3 -17.009895 -0.576929 -0.100498 4.653966
4 -16.331082 -0.521594 -0.083891 4.494482
5 -15.675598 -0.467527 -0.073302 4.328979
6 -15.015039 -0.399412 -0.027541 4.198649
7 -14.384429 -0.373585 -0.042542 4.007557
8 -13.784856 -0.365968 -0.001478 3.872530
9 -13.165859 -0.330004 -0.016592 3.681324
10 -12.565420 -0.322547 -0.012815 3.509011
11 -11.944854 -0.306695 -0.054398 3.291336
12 -11.294658 -0.253997 -0.069860 3.099782
13 -10.676858 -0.233965 -0.114658 2.878893
14 -10.035228 -0.191729 -0.107443 2.710017
15 -9.408605 -0.160252 -0.123454 2.517914
16 -8.738975 -0.104288 -0.100245 2.365033
17 -8.126691 -0.094462 -0.130067 2.159119
18 -7.509668 -0.081910 -0.107393 2.005702
19 -6.896848 -0.092844 -0.066732 1.870272
20 -6.269453 -0.084346 -0.049580 1.711332
21 -5.644365 -0.071900 0.000263 1.585084
22 -5.032684 -0.073181 0.004868 1.413598
23 -4.397945 -0.058561 0.052455 1.285094
24 -3.777486 -0.053747 0.051554 1.108102
25 -3.136136 -0.030209 0.040830 0.921286
26 -2.505935 -0.024044 0.061437 0.765802
27 -1.891966 -0.033029 0.014531 0.542805
28 -1.277569 -0.038085 -0.030089 0.322093
29 -0.636269 -0.015931 -0.000333 0.175758
30 0.000000 0.000000 0.000000 0.000000
