x y
-4.000000 1.500000
-3.600000 1.100000
-3.201649 0.707823
-2.806345 0.333576
-2.415756 -0.007227
-2.031855 -0.294499
-1.656946 -0.509260
-1.293683 -0.642001
-0.945055 -0.695805
-0.614338 -0.682148
-0.304997 -0.615310
-0.020526 -0.509314
0.235752 -0.377108
0.460924 -0.230729
0.652718 -0.081590
0.809684 0.059505
0.931300 0.182788
1.017976 0.280306
1.070989 0.346727
1.092343 0.379796
1.084616 0.380246
1.050804 0.351296
0.994181 0.297981
0.918190 0.226546
0.826355 0.143939
0.722218 0.057384
0.609281 -0.026057
0.490968 -0.099958
0.370578 -0.159028
0.251241 -0.199545
0.135870 -0.219625
