step sgd mom rms adam
1 0.646765 0.646765 0.440230 0.619595
5 0.599038 0.513409 0.346997 0.488465
9 0.555858 0.389348 0.321263 0.400313
13 0.523411 0.367168 0.312292 0.358634
17 0.489502 0.360675 0.296460 0.341935
21 0.465223 0.341715 0.274383 0.333073
25 0.442066 0.325452 0.264144 0.321297
29 0.423078 0.328585 0.258739 0.312340
33 0.409269 0.336339 0.256004 0.308528
37 0.397064 0.319075 0.231244 0.305142
41 0.384228 0.303401 0.216717 0.296253
45 0.375327 0.305516 0.210380 0.285608
49 0.369022 0.302185 0.203453 0.278403
53 0.362393 0.306403 0.197396 0.276004
57 0.356665 0.295969 0.198679 0.273234
61 0.353416 0.293034 0.190164 0.266057
65 0.350680 0.282674 0.184642 0.252010
69 0.348994 0.276049 0.261268 0.243524
73 0.346307 0.279212 0.182831 0.242531
77 0.344074 0.279233 0.184667 0.234050
81 0.341722 0.253580 0.178252 0.225928
85 0.339922 0.267161 0.186823 0.214245
89 0.338275 0.251325 0.184340 0.216681
93 0.336751 0.256082 0.174776 0.208479
97 0.335219 0.233564 0.175075 0.203460
101 0.337203 0.233705 0.177391 0.201783
105 0.333081 0.215181 0.180504 0.187473
109 0.331797 0.255331 0.233438 0.196899
113 0.331016 0.204718 0.175694 0.189349
117 0.330762 0.255923 0.170718 0.199084
121 0.329424 0.213749 0.204283 0.188639
125 0.328657 0.195587 0.176663 0.177277
129 0.327723 0.186626 0.167306 0.205039
133 0.326287 0.182808 0.168062 0.174143
137 0.326254 0.181936 0.184208 0.185032
141 0.325607 0.197197 0.167922 0.170863
145 0.324014 0.177871 0.172910 0.176367
149 0.325022 0.197761 0.173966 0.169545
153 0.322850 0.182207 0.167630 0.181011
157 0.321914 0.175105 0.170613 0.170052
161 0.320922 0.177915 0.166104 0.167763
165 0.321805 0.169761 0.167546 0.167190
169 0.319733 0.181412 0.166158 0.166278
173 0.322622 0.186259 0.188662 0.171048
177 0.320254 0.179696 0.167384 0.175513
181 0.318496 0.170394 0.166368 0.170671
185 0.317880 0.180208 0.170094 0.168683
189 0.317114 0.179258 0.167649 0.166170
193 0.320207 0.187212 0.190131 0.167638
197 0.315477 0.179038 0.186511 0.166054
201 0.315088 0.208859 0.174637 0.169177
205 0.314307 0.188405 0.174566 0.172023
209 0.313695 0.186771 0.167410 0.169624
213 0.313432 0.171613 0.170289 0.166016
217 0.314391 0.183609 0.165515 0.167982
221 0.312160 0.177351 0.173024 0.171143
225 0.311397 0.166512 0.163110 0.169242
229 0.310737 0.185706 0.165657 0.166988
233 0.310678 0.195718 0.166466 0.167578
237 0.309842 0.182023 0.175598 0.171502
241 0.310310 0.208451 0.170446 0.166563
245 0.309131 0.188157 0.169669 0.165267
249 0.314950 0.196167 0.175554 0.164776
253 0.313835 0.167283 0.162946 0.173220
257 0.309654 0.169874 0.162653 0.165173
261 0.307844 0.168245 0.165164 0.169587
265 0.307090 0.172076 0.182174 0.165842
269 0.306277 0.193346 0.178135 0.169592
273 0.305343 0.164820 0.163137 0.170785
277 0.307444 0.199292 0.166387 0.166357
281 0.305291 0.185252 0.169167 0.164841
285 0.303846 0.195526 0.171673 0.173018
289 0.304555 0.177353 0.168617 0.174554
293 0.303740 0.187195 0.164455 0.167708
297 0.303483 0.168841 0.165324 0.169827
301 0.301680 0.163923 0.164643 0.164500
305 0.300961 0.167087 0.162604 0.165419
309 0.300801 0.165132 0.171866 0.166224
313 0.299906 0.172770 0.163811 0.162847
317 0.299313 0.164955 0.164643 0.161189
321 0.301140 0.177615 0.162298 0.165813
325 0.298274 0.169593 0.165747 0.163084
329 0.298357 0.162600 0.167767 0.161798
333 0.296699 0.170217 0.162790 0.161507
337 0.299177 0.173168 0.184089 0.164487
341 0.299352 0.177839 0.161552 0.168368
345 0.294705 0.207240 0.167760 0.161892
349 0.293978 0.180407 0.161719 0.170882
353 0.293917 0.188421 0.161027 0.168301
357 0.295562 0.175416 0.164480 0.167425
361 0.292405 0.180752 0.160242 0.162435
365 0.291177 0.162869 0.159829 0.167140
369 0.290749 0.185879 0.165484 0.159130
373 0.290453 0.169145 0.172942 0.160266
377 0.289573 0.190185 0.164034 0.159992
381 0.289026 0.169576 0.165898 0.161706
385 0.288840 0.189204 0.161027 0.161752
389 0.287478 0.176903 0.160052 0.170398
393 0.288362 0.170874 0.169318 0.161026
397 0.285959 0.170849 0.168143 0.159778
