x y
1.000000 0.000000
0.998606 0.016689
0.994430 0.033332
0.987481 0.049881
0.977780 0.066292
0.965354 0.082518
0.950237 0.098513
0.932472 0.114235
0.912108 0.129638
0.889202 0.144679
0.863817 0.159317
0.836025 0.173512
0.805902 0.187222
0.773534 0.200411
0.739009 0.213041
0.702425 0.225078
0.663882 0.236487
0.623490 0.247237
0.581359 0.257298
0.537609 0.266641
0.492360 0.275242
0.445738 0.283075
0.397875 0.290120
0.348902 0.296356
0.298957 0.301766
0.248178 0.306334
0.196708 0.310049
0.144690 0.312900
0.092268 0.314879
0.039590 0.315980
-0.013200 0.316200
-0.065952 0.315539
-0.118520 0.313999
-0.170759 0.311583
-0.222521 0.308299
-0.273663 0.304156
-0.324042 0.299165
-0.373518 0.293340
-0.421954 0.286698
-0.469213 0.279256
-0.515164 0.271036
-0.559679 0.262061
-0.602635 0.252355
-0.643910 0.241946
-0.683392 0.230863
-0.720968 0.219136
-0.756535 0.206798
-0.789993 0.193884
-0.821250 0.180430
-0.850217 0.166472
-0.876815 0.152051
-0.900969 0.137206
-0.922612 0.121979
-0.941683 0.106411
-0.958130 0.090547
-0.971906 0.074431
-0.982973 0.058107
-0.991301 0.041621
-0.996865 0.025019
-0.999652 0.008347
-0.999652 -0.008347
-0.996865 -0.025019
-0.991301 -0.041621
-0.982973 -0.058107
-0.971906 -0.074431
-0.958130 -0.090547
-0.941683 -0.106411
-0.922612 -0.121979
-0.900969 -0.137206
-0.876815 -0.152051
-0.850217 -0.166472
-0.821250 -0.180430
-0.789993 -0.193884
-0.756535 -0.206798
-0.720968 -0.219136
-0.683392 -0.230863
-0.643910 -0.241946
-0.602635 -0.252355
-0.559679 -0.262061
-0.515164 -0.271036
-0.469213 -0.279256
-0.421954 -0.286698
-0.373518 -0.293340
-0.324042 -0.299165
-0.273663 -0.304156
-0.222521 -0.308299
-0.170759 -0.311583
-0.118520 -0.313999
-0.065952 -0.315539
-0.013200 -0.316200
0.039590 -0.315980
0.092268 -0.314879
0.144690 -0.312900
0.196708 -0.310049
0.248178 -0.306334
0.298957 -0.301766
0.348902 -0.296356
0.397875 -0.290120
0.445738 -0.283075
0.492360 -0.275242
0.537609 -0.266641
0.581359 -0.257298
0.623490 -0.247237
0.663882 -0.236487
0.702425 -0.225078
0.739009 -0.213041
0.773534 -0.200411
0.805902 -0.187222
0.836025 -0.173512
0.863817 -0.159317
0.889202 -0.144679
0.912108 -0.129638
0.932472 -0.114235
0.950237 -0.098513
0.965354 -0.082518
0.977780 -0.066292
0.987481 -0.049881
0.994430 -0.033332
0.998606 -0.016689
1.000000 0.000000
nan nan
2.000000 0.000000
1.997213 0.033378
1.988859 0.066663
1.974962 0.099762
1.955560 0.132583
1.930708 0.165035
1.900475 0.197027
1.864944 0.228469
1.824216 0.259275
1.778403 0.289358
1.727634 0.318635
1.672049 0.347023
1.611804 0.374444
1.547067 0.400822
1.478018 0.426083
1.404849 0.450155
1.327765 0.472974
1.246980 0.494474
1.162719 0.514595
1.075218 0.533283
0.984719 0.550484
0.891477 0.566151
0.795749 0.580240
0.697804 0.592712
0.597914 0.603531
0.496357 0.612669
0.393417 0.620099
0.289380 0.625800
0.184537 0.629758
0.079179 0.631960
-0.026399 0.632400
-0.131904 0.631079
-0.237041 0.627998
-0.341517 0.623167
-0.445042 0.616599
-0.547326 0.608312
-0.648085 0.598330
-0.747037 0.586680
-0.843907 0.573395
-0.938425 0.558512
-1.030328 0.542072
-1.119358 0.524122
-1.205269 0.504710
-1.287821 0.483892
-1.366783 0.461725
-1.441936 0.438272
-1.513070 0.413596
-1.579986 0.387768
-1.642499 0.360860
-1.700434 0.332945
-1.753630 0.304102
-1.801938 0.274412
-1.845223 0.243957
-1.883366 0.212822
-1.916259 0.181094
-1.943812 0.148861
-1.965946 0.116213
-1.982601 0.083242
-1.993731 0.050038
-1.999303 0.016695
-1.999303 -0.016695
-1.993731 -0.050038
-1.982601 -0.083242
-1.965946 -0.116213
-1.943812 -0.148861
-1.916259 -0.181094
-1.883366 -0.212822
-1.845223 -0.243957
-1.801938 -0.274412
-1.753630 -0.304102
-1.700434 -0.332945
-1.642499 -0.360860
-1.579986 -0.387768
-1.513070 -0.413596
-1.441936 -0.438272
-1.366783 -0.461725
-1.287821 -0.483892
-1.205269 -0.504710
-1.119358 -0.524122
-1.030328 -0.542072
-0.938425 -0.558512
-0.843907 -0.573395
-0.747037 -0.586680
-0.648085 -0.598330
-0.547326 -0.608312
-0.445042 -0.616599
-0.341517 -0.623167
-0.237041 -0.627998
-0.131904 -0.631079
-0.026399 -0.632400
0.079179 -0.631960
0.184537 -0.629758
0.289380 -0.625800
0.393417 -0.620099
0.496357 -0.612669
0.597914 -0.603531
0.697804 -0.592712
0.795749 -0.580240
0.891477 -0.566151
0.984719 -0.550484
1.075218 -0.533283
1.162719 -0.514595
1.246980 -0.494474
1.327765 -0.472974
1.404849 -0.450155
1.478018 -0.426083
1.547067 -0.400822
1.611804 -0.374444
1.672049 -0.347023
1.727634 -0.318635
1.778403 -0.289358
1.824216 -0.259275
1.864944 -0.228469
1.900475 -0.197027
1.930708 -0.165035
1.955560 -0.132583
1.974962 -0.099762
1.988859 -0.066663
1.997213 -0.033378
2.000000 0.000000
nan nan
3.000000 0.000000
2.995819 0.050067
2.983289 0.099995
2.962443 0.149643
2.933340 0.198875
2.896062 0.247553
2.850712 0.295540
2.797417 0.342704
2.736324 0.388913
2.667605 0.434037
2.591451 0.477952
2.508074 0.520535
2.417707 0.561667
2.320601 0.601233
2.217027 0.639124
2.107274 0.675233
1.991647 0.709461
1.870469 0.741710
1.744078 0.771893
1.612826 0.799924
1.477079 0.825726
1.337215 0.849226
1.193624 0.870360
1.046706 0.889067
0.896870 0.905297
0.744535 0.919003
0.590125 0.930148
0.434070 0.938700
0.276805 0.944636
0.118769 0.947940
-0.039599 0.948601
-0.197856 0.946618
-0.355561 0.941997
-0.512276 0.934750
-0.667563 0.924898
-0.820989 0.912468
-0.972127 0.897495
-1.120555 0.880020
-1.265861 0.860093
-1.407638 0.837768
-1.545491 0.813109
-1.679038 0.786183
-1.807904 0.757066
-1.931731 0.725838
-2.050175 0.692588
-2.162904 0.657408
-2.269605 0.620395
-2.369980 0.581653
-2.463749 0.541289
-2.550651 0.499417
-2.630445 0.456154
-2.702907 0.411618
-2.767835 0.365936
-2.825049 0.319233
-2.874389 0.271641
-2.915717 0.223292
-2.948919 0.174320
-2.973902 0.124863
-2.990596 0.075057
-2.998955 0.025042
-2.998955 -0.025042
-2.990596 -0.075057
-2.973902 -0.124863
-2.948919 -0.174320
-2.915717 -0.223292
-2.874389 -0.271641
-2.825049 -0.319233
-2.767835 -0.365936
-2.702907 -0.411618
-2.630445 -0.456154
-2.550651 -0.499417
-2.463749 -0.541289
-2.369980 -0.581653
-2.269605 -0.620395
-2.162904 -0.657408
-2.050175 -0.692588
-1.931731 -0.725838
-1.807904 -0.757066
-1.679038 -0.786183
-1.545491 -0.813109
-1.407638 -0.837768
-1.265861 -0.860093
-1.120555 -0.880020
-0.972127 -0.897495
-0.820989 -0.912468
-0.667563 -0.924898
-0.512276 -0.934750
-0.355561 -0.941997
-0.197856 -0.946618
-0.039599 -0.948601
0.118769 -0.947940
0.276805 -0.944636
0.434070 -0.938700
0.590125 -0.930148
0.744535 -0.919003
0.896870 -0.905297
1.046706 -0.889067
1.193624 -0.870360
1.337215 -0.849226
1.477079 -0.825726
1.612826 -0.799924
1.744078 -0.771893
1.870469 -0.741710
1.991647 -0.709461
2.107274 -0.675233
2.217027 -0.639124
2.320601 -0.601233
2.417707 -0.561667
2.508074 -0.520535
2.591451 -0.477952
2.667605 -0.434037
2.736324 -0.388913
2.797417 -0.342704
2.850712 -0.295540
2.896062 -0.247553
2.933340 -0.198875
2.962443 -0.149643
2.983289 -0.099995
2.995819 -0.050067
3.000000 0.000000
nan nan
4.000000 0.000000
3.994426 0.066756
3.977718 0.133326
3.949924 0.199525
3.911121 0.265167
3.861416 0.330070
3.800950 0.394054
3.729889 0.456939
3.648432 0.518550
3.556807 0.578716
3.455268 0.637269
3.344099 0.694046
3.223609 0.748889
3.094134 0.801644
2.956036 0.852165
2.809698 0.900311
2.655529 0.945947
2.493959 0.988947
2.325438 1.029191
2.150435 1.066566
1.969439 1.100968
1.782953 1.132302
1.591499 1.160480
1.395608 1.185423
1.195827 1.207062
0.992714 1.225337
0.786833 1.240197
0.578760 1.251600
0.369073 1.259515
0.158358 1.263919
-0.052798 1.264801
-0.263808 1.262157
-0.474082 1.255995
-0.683035 1.246333
-0.890084 1.233197
-1.094652 1.216624
-1.296169 1.196660
-1.494074 1.173360
-1.687814 1.146790
-1.876850 1.117024
-2.060655 1.084145
-2.238717 1.048244
-2.410539 1.009421
-2.575642 0.967785
-2.733566 0.923451
-2.883872 0.876543
-3.026139 0.827193
-3.159973 0.775537
-3.284999 0.721719
-3.400869 0.665890
-3.507260 0.608205
-3.603875 0.548824
-3.690447 0.487914
-3.766732 0.425644
-3.832518 0.362188
-3.887623 0.297722
-3.931892 0.232427
-3.965203 0.166483
-3.987461 0.100076
-3.998606 0.033390
-3.998606 -0.033390
-3.987461 -0.100076
-3.965203 -0.166483
-3.931892 -0.232427
-3.887623 -0.297722
-3.832518 -0.362188
-3.766732 -0.425644
-3.690447 -0.487914
-3.603875 -0.548824
-3.507260 -0.608205
-3.400869 -0.665890
-3.284999 -0.721719
-3.159973 -0.775537
-3.026139 -0.827193
-2.883872 -0.876543
-2.733566 -0.923451
-2.575642 -0.967785
-2.410539 -1.009421
-2.238717 -1.048244
-2.060655 -1.084145
-1.876850 -1.117024
-1.687814 -1.146790
-1.494074 -1.173360
-1.296169 -1.196660
-1.094652 -1.216624
-0.890084 -1.233197
-0.683035 -1.246333
-0.474082 -1.255995
-0.263808 -1.262157
-0.052798 -1.264801
0.158358 -1.263919
0.369073 -1.259515
0.578760 -1.251600
0.786833 -1.240197
0.992714 -1.225337
1.195827 -1.207062
1.395608 -1.185423
1.591499 -1.160480
1.782953 -1.132302
1.969439 -1.100968
2.150435 -1.066566
2.325438 -1.029191
2.493959 -0.988947
2.655529 -0.945947
2.809698 -0.900311
2.956036 -0.852165
3.094134 -0.801644
3.223609 -0.748889
3.344099 -0.694046
3.455268 -0.637269
3.556807 -0.578716
3.648432 -0.518550
3.729889 -0.456939
3.800950 -0.394054
3.861416 -0.330070
3.911121 -0.265167
3.949924 -0.199525
3.977718 -0.133326
3.994426 -0.066756
4.000000 0.000000
nan nan
5.000000 0.000000
4.993032 0.083445
4.972148 0.166658
4.937405 0.249406
4.888901 0.331459
4.826770 0.412588
4.751187 0.492567
4.662361 0.571173
4.560540 0.648188
4.446009 0.723395
4.319085 0.796587
4.180124 0.867558
4.029511 0.936111
3.867668 1.002055
3.695045 1.065206
3.512123 1.125389
3.319412 1.182434
3.117449 1.236184
2.906797 1.286489
2.688044 1.333207
2.461799 1.376210
2.228692 1.415377
1.989373 1.450600
1.744510 1.481779
1.494784 1.508828
1.240892 1.531672
0.983542 1.550247
0.723450 1.564501
0.461342 1.574394
0.197948 1.579899
-0.065998 1.581001
-0.329760 1.577696
-0.592602 1.569994
-0.853793 1.557916
-1.112605 1.541496
-1.368315 1.520780
-1.620211 1.495825
-1.867592 1.466700
-2.109768 1.433488
-2.346063 1.396280
-2.575819 1.355181
-2.798396 1.310305
-3.013173 1.261776
-3.219552 1.209731
-3.416958 1.154314
-3.604840 1.095679
-3.782674 1.033991
-3.949966 0.969421
-4.106248 0.902149
-4.251086 0.832362
-4.384075 0.760256
-4.504844 0.686030
-4.613058 0.609893
-4.708415 0.532055
-4.790648 0.452735
-4.859529 0.372153
-4.914865 0.290533
-4.956503 0.208104
-4.984327 0.125095
-4.998258 0.041737
-4.998258 -0.041737
-4.984327 -0.125095
-4.956503 -0.208104
-4.914865 -0.290533
-4.859529 -0.372153
-4.790648 -0.452735
-4.708415 -0.532055
-4.613058 -0.609893
-4.504844 -0.686030
-4.384075 -0.760256
-4.251086 -0.832362
-4.106248 -0.902149
-3.949966 -0.969421
-3.782674 -1.033991
-3.604840 -1.095679
-3.416958 -1.154314
-3.219552 -1.209731
-3.013173 -1.261776
-2.798396 -1.310305
-2.575819 -1.355181
-2.346063 -1.396280
-2.109768 -1.433488
-1.867592 -1.466700
-1.620211 -1.495825
-1.368315 -1.520780
-1.112605 -1.541496
-0.853793 -1.557916
-0.592602 -1.569994
-0.329760 -1.577696
-0.065998 -1.581001
0.197948 -1.579899
0.461342 -1.574394
0.723450 -1.564501
0.983542 -1.550247
1.240892 -1.531672
1.494784 -1.508828
1.744510 -1.481779
1.989373 -1.450600
2.228692 -1.415377
2.461799 -1.376210
2.688044 -1.333207
2.906797 -1.286489
3.117449 -1.236184
3.319412 -1.182434
3.512123 -1.125389
3.695045 -1.065206
3.867668 -1.002055
4.029511 -0.936111
4.180124 -0.867558
4.319085 -0.796587
4.446009 -0.723395
4.560540 -0.648188
4.662361 -0.571173
4.751187 -0.492567
4.826770 -0.412588
4.888901 -0.331459
4.937405 -0.249406
4.972148 -0.166658
4.993032 -0.083445
5.000000 0.000000
nan nan
