t step cos wcos onecycle
0 1.000000 1.000000 0.100000 0.040000
1 1.000000 0.999753 0.200000 0.042814
2 1.000000 0.999013 0.300000 0.051222
3 1.000000 0.997781 0.400000 0.065126
4 1.000000 0.996057 0.500000 0.084364
5 1.000000 0.993844 0.600000 0.108709
6 1.000000 0.991144 0.700000 0.137875
7 1.000000 0.987958 0.800000 0.171522
8 1.000000 0.984292 0.900000 0.209255
9 1.000000 0.980147 1.000000 0.250630
10 1.000000 0.975528 1.000000 0.295164
11 1.000000 0.970440 0.999695 0.342334
12 1.000000 0.964888 0.998782 0.391586
13 1.000000 0.958877 0.997261 0.442345
14 1.000000 0.952414 0.995134 0.494013
15 1.000000 0.945503 0.992404 0.545987
16 1.000000 0.938153 0.989074 0.597655
17 1.000000 0.930371 0.985148 0.648414
18 1.000000 0.922164 0.980631 0.697666
19 1.000000 0.913540 0.975528 0.744836
20 1.000000 0.904508 0.969846 0.789370
21 1.000000 0.895078 0.963592 0.830745
22 1.000000 0.885257 0.956773 0.868478
23 1.000000 0.875056 0.949397 0.902125
24 1.000000 0.864484 0.941474 0.931291
25 1.000000 0.853553 0.933013 0.955636
26 1.000000 0.842274 0.924024 0.974874
27 1.000000 0.830656 0.914519 0.988778
28 1.000000 0.818712 0.904508 0.997186
29 1.000000 0.806454 0.894005 1.000000
30 0.100000 0.793893 0.883022 0.999497
31 0.100000 0.781042 0.871572 0.997987
32 0.100000 0.767913 0.859670 0.995475
33 0.100000 0.754521 0.847329 0.991965
34 0.100000 0.740877 0.834565 0.987464
35 0.100000 0.726995 0.821394 0.981982
36 0.100000 0.712890 0.807831 0.975528
37 0.100000 0.698574 0.793893 0.968118
38 0.100000 0.684062 0.779596 0.959764
39 0.100000 0.669369 0.764960 0.950485
40 0.100000 0.654508 0.750000 0.940298
41 0.100000 0.639496 0.734736 0.929225
42 0.100000 0.624345 0.719186 0.917287
43 0.100000 0.609072 0.703368 0.904509
44 0.100000 0.593691 0.687303 0.890916
45 0.100000 0.578217 0.671010 0.876536
46 0.100000 0.562667 0.654508 0.861398
47 0.100000 0.547054 0.637819 0.845532
48 0.100000 0.531395 0.620961 0.828970
49 0.100000 0.515705 0.603956 0.811746
50 0.100000 0.500000 0.586824 0.793893
51 0.100000 0.484295 0.569587 0.775449
52 0.100000 0.468605 0.552264 0.756451
53 0.100000 0.452946 0.534878 0.736935
54 0.100000 0.437333 0.517450 0.716943
55 0.100000 0.421783 0.500000 0.696514
56 0.100000 0.406309 0.482550 0.675689
57 0.100000 0.390928 0.465122 0.654510
58 0.100000 0.375655 0.447736 0.633020
59 0.100000 0.360504 0.430413 0.611262
60 0.010000 0.345492 0.413176 0.589280
61 0.010000 0.330631 0.396044 0.567118
62 0.010000 0.315938 0.379039 0.544821
63 0.010000 0.301426 0.362181 0.522434
64 0.010000 0.287110 0.345492 0.500002
65 0.010000 0.273005 0.328990 0.477570
66 0.010000 0.259123 0.312697 0.455183
67 0.010000 0.245479 0.296632 0.432886
68 0.010000 0.232087 0.280814 0.410724
69 0.010000 0.218958 0.265264 0.388742
70 0.010000 0.206107 0.250000 0.366984
71 0.010000 0.193546 0.235040 0.345494
72 0.010000 0.181288 0.220404 0.324315
73 0.010000 0.169344 0.206107 0.303490
74 0.010000 0.157726 0.192169 0.283061
75 0.010000 0.146447 0.178606 0.263069
76 0.010000 0.135516 0.165435 0.243553
77 0.010000 0.124944 0.152671 0.224555
78 0.010000 0.114743 0.140330 0.206111
79 0.010000 0.104922 0.128428 0.188258
80 0.010000 0.095492 0.116978 0.171034
81 0.010000 0.086460 0.105995 0.154472
82 0.010000 0.077836 0.095492 0.138606
83 0.010000 0.069629 0.085481 0.123468
84 0.010000 0.061847 0.075976 0.109088
85 0.010000 0.054497 0.066987 0.095495
86 0.010000 0.047586 0.058526 0.082717
87 0.010000 0.041123 0.050603 0.070779
88 0.010000 0.035112 0.043227 0.059706
89 0.010000 0.029560 0.036408 0.049519
90 0.001000 0.024472 0.030154 0.040240
91 0.001000 0.019853 0.024472 0.031886
92 0.001000 0.015708 0.019369 0.024476
93 0.001000 0.012042 0.014852 0.018022
94 0.001000 0.008856 0.010926 0.012540
95 0.001000 0.006156 0.007596 0.008039
96 0.001000 0.003943 0.004866 0.004529
97 0.001000 0.002219 0.002739 0.002017
98 0.001000 0.000987 0.001218 0.000507
99 0.001000 0.000247 0.000305 0.000004
