x y
-4.000000 1.500000
-3.280000 -1.200000
-2.689600 0.960000
-2.205472 -0.768000
-1.808487 0.614400
-1.482959 -0.491520
-1.216027 0.393216
-0.997142 -0.314573
-0.817656 0.251658
-0.670478 -0.201327
-0.549792 0.161061
-0.450830 -0.128849
-0.369680 0.103079
-0.303138 -0.082463
-0.248573 0.065971
-0.203830 -0.052777
-0.167140 0.042221
-0.137055 -0.033777
-0.112385 0.027022
-0.092156 -0.021617
-0.075568 0.017294
-0.061966 -0.013835
-0.050812 0.011068
-0.041666 -0.008854
-0.034166 0.007084
-0.028016 -0.005667
-0.022973 0.004533
-0.018838 -0.003627
-0.015447 0.002901
-0.012667 -0.002321
-0.010387 0.001857
