x y
-4.000000 1.500000
-3.880000 1.050000
-3.655600 0.330000
-3.343972 -0.417000
-2.963188 -0.964200
-2.531586 -1.167420
-2.067197 -1.000092
-1.587231 -0.549469
-1.107645 0.020932
-0.642788 0.528014
-0.205133 0.825983
0.194911 0.846360
0.549102 0.610792
0.851402 0.215543
1.097930 -0.204844
1.286866 -0.521739
1.418304 -0.650423
1.494048 -0.571112
1.517396 -0.328398
1.492888 -0.011436
1.426044 0.277260
1.323103 0.453909
1.190763 0.476720
1.035934 0.354234
0.865510 0.137726
0.686163 -0.098448
0.504166 -0.281471
0.325244 -0.361750
0.154456 -0.325477
-0.003886 -0.195187
-0.146278 -0.019370
