step nobn bn bnhi
1 0.697143 0.698829 0.858955
4 0.708398 0.700704 0.790340
7 0.724076 0.719601 0.700830
10 0.702759 0.694074 0.701905
13 0.695719 0.705453 0.839094
16 0.718484 0.697731 0.574641
19 0.706816 0.692638 0.520694
22 0.693277 0.700364 0.688092
25 0.695742 0.731746 0.818279
28 0.704051 0.679352 0.935016
31 0.705311 0.645682 0.926490
34 0.694191 0.596128 0.846383
37 0.697334 0.546630 0.961605
40 0.712997 0.521611 1.465411
43 0.748223 0.530825 1.226871
46 0.703609 0.498054 0.976890
49 0.714332 0.515305 1.491101
52 0.705268 0.486280 1.927066
55 0.693233 0.472173 1.547199
58 0.699847 0.471242 1.192295
61 0.719308 0.484572 1.118209
64 0.693306 0.479935 0.987136
67 0.701274 0.460050 0.813120
70 0.698211 0.448574 0.685281
73 0.716088 0.444602 0.762085
76 0.700519 0.456728 0.536653
79 0.696739 0.445416 0.510381
82 0.693426 0.442686 0.497842
85 0.694188 0.433896 0.494059
88 0.707856 0.491811 0.499762
91 0.693884 0.448459 0.504959
94 0.720229 0.469809 0.478479
97 0.693200 0.493449 0.458047
100 0.715233 0.466373 0.461391
103 0.702293 0.433541 0.467639
106 0.696842 0.432208 0.452025
109 0.726476 0.428336 0.466391
112 0.694197 0.425514 0.474739
115 0.758116 0.450923 0.480006
118 0.716724 0.435286 0.545572
121 0.704710 0.467106 0.459105
124 0.694631 0.429253 0.446018
127 0.693896 0.428597 0.437087
130 0.694197 0.430097 0.484230
133 0.703778 0.433350 0.495151
136 0.719349 0.400164 0.514827
139 0.693320 0.430266 0.418979
142 0.730064 0.384301 0.493578
145 0.696701 0.408047 0.445100
148 0.769542 0.400772 0.524456
151 0.710868 0.387072 0.532153
154 0.717538 0.395973 0.442023
157 0.724941 0.466001 0.543819
160 0.707178 0.399844 0.431030
163 0.768786 0.432824 0.572786
166 0.698660 0.394848 0.399819
169 0.760887 0.390936 0.624612
172 0.693276 0.401836 0.390563
175 0.775304 0.381183 0.495955
178 0.693786 0.380875 0.417054
181 0.755350 0.425764 0.607042
184 0.702340 0.414930 0.410981
187 0.701366 0.394888 0.361630
190 0.706516 0.372625 0.414682
193 0.701218 0.481470 0.485577
196 0.699370 0.395268 0.369633
199 0.700553 0.368331 0.385100
202 0.695527 0.406004 0.393350
205 0.705055 0.376373 0.437464
208 0.695327 0.440091 0.358990
211 0.697812 0.310056 0.330147
214 0.706272 0.506562 0.318385
217 0.693473 0.347704 0.344336
220 0.693964 0.344339 0.339807
223 0.702257 0.370285 0.331247
226 0.703018 0.409256 0.333469
229 0.694425 0.395262 0.334567
232 0.700700 0.408933 0.389772
235 0.697630 0.395066 0.365616
238 0.694692 0.426970 0.334728
241 0.698345 0.354535 0.323052
244 0.693151 0.381770 0.334905
247 0.694554 0.367881 0.348634
250 0.697234 0.491025 0.360164
253 0.701289 0.379431 0.350936
256 0.701537 0.380074 0.314415
259 0.696113 0.358048 0.281634
262 0.711954 0.383532 0.280681
265 0.694277 0.336249 0.269295
268 0.704601 0.397324 0.304132
271 0.693161 0.322605 0.279834
274 0.709080 0.325380 0.248781
277 0.693409 0.395932 0.270832
280 0.738721 0.313873 0.387808
283 0.714284 0.490523 0.464010
286 0.712229 0.299066 0.256204
289 0.707887 0.392374 0.312153
292 0.700223 0.338166 0.281007
295 0.695702 0.315400 0.302026
298 0.694821 0.370338 0.351160
