x y
-1.000000 -4.146979
-0.994987 -3.721625
-0.989975 -3.333171
-0.984962 -2.979156
-0.979950 -2.657244
-0.974937 -2.365210
-0.969925 -2.100943
-0.964912 -1.862440
-0.959900 -1.647799
-0.954887 -1.455220
-0.949875 -1.282999
-0.944862 -1.129525
-0.939850 -0.993275
-0.934837 -0.872812
-0.929825 -0.766784
-0.924812 -0.673915
-0.919799 -0.593008
-0.914787 -0.522937
-0.909774 -0.462648
-0.904762 -0.411153
-0.899749 -0.367529
-0.894737 -0.330917
-0.889724 -0.300513
-0.884712 -0.275574
-0.879699 -0.255408
-0.874687 -0.239377
-0.869674 -0.226890
-0.864662 -0.217405
-0.859649 -0.210424
-0.854637 -0.205493
-0.849624 -0.202197
-0.844612 -0.200161
-0.839599 -0.199045
-0.834586 -0.198546
-0.829574 -0.198391
-0.824561 -0.198341
-0.819549 -0.198186
-0.814536 -0.197742
-0.809524 -0.196853
-0.804511 -0.195387
-0.799499 -0.193234
-0.794486 -0.190308
-0.789474 -0.186541
-0.784461 -0.181886
-0.779449 -0.176312
-0.774436 -0.169805
-0.769424 -0.162367
-0.764411 -0.154012
-0.759398 -0.144768
-0.754386 -0.134676
-0.749373 -0.123786
-0.744361 -0.112159
-0.739348 -0.099864
-0.734336 -0.086979
-0.729323 -0.073589
-0.724311 -0.059783
-0.719298 -0.045659
-0.714286 -0.031318
-0.709273 -0.016864
-0.704261 -0.002407
-0.699248 0.011944
-0.694236 0.026074
-0.689223 0.039869
-0.684211 0.053215
-0.679198 0.065994
-0.674185 0.078091
-0.669173 0.089391
-0.664160 0.099780
-0.659148 0.109146
-0.654135 0.117377
-0.649123 0.124366
-0.644110 0.130005
-0.639098 0.134193
-0.634085 0.136829
-0.629073 0.137817
-0.624060 0.137065
-0.619048 0.134482
-0.614035 0.129986
-0.609023 0.123495
-0.604010 0.114934
-0.598997 0.104232
-0.593985 0.091323
-0.588972 0.076145
-0.583960 0.058642
-0.578947 0.038762
-0.573935 0.016461
-0.568922 -0.008304
-0.563910 -0.035566
-0.558897 -0.065358
-0.553885 -0.097702
-0.548872 -0.132619
-0.543860 -0.170123
-0.538847 -0.210222
-0.533835 -0.252921
-0.528822 -0.298216
-0.523810 -0.346102
-0.518797 -0.396566
-0.513784 -0.449591
-0.508772 -0.505155
-0.503759 -0.563230
-0.498747 -0.623785
-0.493734 -0.686784
-0.488722 -0.752184
-0.483709 -0.819940
-0.478697 -0.890003
-0.473684 -0.962317
-0.468672 -1.036825
-0.463659 -1.113463
-0.458647 -1.192166
-0.453634 -1.272863
-0.448622 -1.355481
-0.443609 -1.439943
-0.438596 -1.526168
-0.433584 -1.614073
-0.428571 -1.703572
-0.423559 -1.794576
-0.418546 -1.886993
-0.413534 -1.980728
-0.408521 -2.075687
-0.403509 -2.171768
-0.398496 -2.268874
-0.393484 -2.366900
-0.388471 -2.465743
-0.383459 -2.565297
-0.378446 -2.665457
-0.373434 -2.766114
-0.368421 -2.867159
-0.363409 -2.968483
-0.358396 -3.069976
-0.353383 -3.171528
-0.348371 -3.273026
-0.343358 -3.374361
-0.338346 -3.475420
-0.333333 -3.576095
-0.328321 -3.676273
-0.323308 -3.775845
-0.318296 -3.874702
-0.313283 -3.972735
-0.308271 -4.069836
-0.303258 -4.165899
-0.298246 -4.260819
-0.293233 -4.354490
-0.288221 -4.446812
-0.283208 -4.537682
-0.278195 -4.627002
-0.273183 -4.714674
-0.268170 -4.800602
-0.263158 -4.884694
-0.258145 -4.966858
-0.253133 -5.047006
-0.248120 -5.125049
-0.243108 -5.200906
-0.238095 -5.274493
-0.233083 -5.345733
-0.228070 -5.414550
-0.223058 -5.480869
-0.218045 -5.544621
-0.213033 -5.605739
-0.208020 -5.664158
-0.203008 -5.719817
-0.197995 -5.772659
-0.192982 -5.822627
-0.187970 -5.869672
-0.182957 -5.913744
-0.177945 -5.954800
-0.172932 -5.992797
-0.167920 -6.027697
-0.162907 -6.059467
-0.157895 -6.088075
-0.152882 -6.113494
-0.147870 -6.135699
-0.142857 -6.154670
-0.137845 -6.170390
-0.132832 -6.182847
-0.127820 -6.192029
-0.122807 -6.197931
-0.117794 -6.200550
-0.112782 -6.199886
-0.107769 -6.195944
-0.102757 -6.188731
-0.097744 -6.178258
-0.092732 -6.164540
-0.087719 -6.147595
-0.082707 -6.127444
-0.077694 -6.104111
-0.072682 -6.077624
-0.067669 -6.048014
-0.062657 -6.015315
-0.057644 -5.979564
-0.052632 -5.940801
-0.047619 -5.899070
-0.042607 -5.854416
-0.037594 -5.806888
-0.032581 -5.756539
-0.027569 -5.703421
-0.022556 -5.647593
-0.017544 -5.589114
-0.012531 -5.528045
-0.007519 -5.464452
-0.002506 -5.398400
0.002506 -5.329958
0.007519 -5.259198
0.012531 -5.186193
0.017544 -5.111016
0.022556 -5.033746
0.027569 -4.954460
0.032581 -4.873238
0.037594 -4.790162
0.042607 -4.705316
0.047619 -4.618782
0.052632 -4.530648
0.057644 -4.440999
0.062657 -4.349923
0.067669 -4.257509
0.072682 -4.163846
0.077694 -4.069025
0.082707 -3.973136
0.087719 -3.876269
0.092732 -3.778517
0.097744 -3.679972
0.102757 -3.580724
0.107769 -3.480867
0.112782 -3.380491
0.117794 -3.279689
0.122807 -3.178552
0.127820 -3.077171
0.132832 -2.975636
0.137845 -2.874037
0.142857 -2.772464
0.147870 -2.671005
0.152882 -2.569747
0.157895 -2.468777
0.162907 -2.368179
0.167920 -2.268039
0.172932 -2.168439
0.177945 -2.069460
0.182957 -1.971182
0.187970 -1.873684
0.192982 -1.777042
0.197995 -1.681331
0.203008 -1.586625
0.208020 -1.492994
0.213033 -1.400507
0.218045 -1.309233
0.223058 -1.219235
0.228070 -1.130577
0.233083 -1.043318
0.238095 -0.957518
0.243108 -0.873232
0.248120 -0.790512
0.253133 -0.709411
0.258145 -0.629975
0.263158 -0.552251
0.268170 -0.476282
0.273183 -0.402107
0.278195 -0.329764
0.283208 -0.259288
0.288221 -0.190711
0.293233 -0.124061
0.298246 -0.059365
0.303258 0.003354
0.308271 0.064075
0.313283 0.122782
0.318296 0.179459
0.323308 0.234095
0.328321 0.286681
0.333333 0.337211
0.338346 0.385682
0.343358 0.432094
0.348371 0.476451
0.353383 0.518757
0.358396 0.559021
0.363409 0.597255
0.368421 0.633472
0.373434 0.667689
0.378446 0.699926
0.383459 0.730204
0.388471 0.758549
0.393484 0.784987
0.398496 0.809549
0.403509 0.832265
0.408521 0.853171
0.413534 0.872303
0.418546 0.889700
0.423559 0.905403
0.428571 0.919454
0.433584 0.931899
0.438596 0.942785
0.443609 0.952160
0.448622 0.960074
0.453634 0.966579
0.458647 0.971728
0.463659 0.975575
0.468672 0.978177
0.473684 0.979590
0.478697 0.979872
0.483709 0.979082
0.488722 0.977280
0.493734 0.974525
0.498747 0.970878
0.503759 0.966400
0.508772 0.961153
0.513784 0.955198
0.518797 0.948596
0.523810 0.941409
0.528822 0.933697
0.533835 0.925520
0.538847 0.916939
0.543860 0.908013
0.548872 0.898799
0.553885 0.889356
0.558897 0.879738
0.563910 0.870001
0.568922 0.860198
0.573935 0.850381
0.578947 0.840599
0.583960 0.830900
0.588972 0.821330
0.593985 0.811934
0.598997 0.802751
0.604010 0.793822
0.609023 0.785182
0.614035 0.776866
0.619048 0.768903
0.624060 0.761322
0.629073 0.754148
0.634085 0.747401
0.639098 0.741099
0.644110 0.735258
0.649123 0.729888
0.654135 0.724997
0.659148 0.720588
0.664160 0.716660
0.669173 0.713210
0.674185 0.710230
0.679198 0.707706
0.684211 0.705623
0.689223 0.703959
0.694236 0.702690
0.699248 0.701786
0.704261 0.701214
0.709273 0.700935
0.714286 0.700909
0.719298 0.701086
0.724311 0.701418
0.729323 0.701848
0.734336 0.702318
0.739348 0.702762
0.744361 0.703114
0.749373 0.703301
0.754386 0.703248
0.759398 0.702874
0.764411 0.702096
0.769424 0.700827
0.774436 0.698976
0.779449 0.696449
0.784461 0.693149
0.789474 0.688976
0.794486 0.683829
0.799499 0.677601
0.804511 0.670186
0.809524 0.661475
0.814536 0.651357
0.819549 0.639722
0.824561 0.626456
0.829574 0.611447
0.834586 0.594582
0.839599 0.575749
0.844612 0.554835
0.849624 0.531731
0.854637 0.506329
0.859649 0.478522
0.864662 0.448208
0.869674 0.415287
0.874687 0.379665
0.879699 0.341251
0.884712 0.299960
0.889724 0.255715
0.894737 0.208444
0.899749 0.158084
0.904762 0.104581
0.909774 0.047890
0.914787 -0.012024
0.919799 -0.075182
0.924812 -0.141596
0.929825 -0.211262
0.934837 -0.284162
0.939850 -0.360262
0.944862 -0.439511
0.949875 -0.521842
0.954887 -0.607165
0.959900 -0.695373
0.964912 -0.786333
0.969925 -0.879893
0.974937 -0.975872
0.979950 -1.074065
0.984962 -1.174239
0.989975 -1.276130
0.994987 -1.379444
1.000000 -1.483855
