x y
-1.000000 -0.319224
-0.994987 -0.311215
-0.989975 -0.303370
-0.984962 -0.295685
-0.979950 -0.288158
-0.974937 -0.280783
-0.969925 -0.273558
-0.964912 -0.266479
-0.959900 -0.259543
-0.954887 -0.252747
-0.949875 -0.246087
-0.944862 -0.239559
-0.939850 -0.233162
-0.934837 -0.226892
-0.929825 -0.220745
-0.924812 -0.214720
-0.919799 -0.208813
-0.914787 -0.203022
-0.909774 -0.197343
-0.904762 -0.191774
-0.899749 -0.186313
-0.894737 -0.180957
-0.889724 -0.175704
-0.884712 -0.170550
-0.879699 -0.165494
-0.874687 -0.160534
-0.869674 -0.155667
-0.864662 -0.150891
-0.859649 -0.146204
-0.854637 -0.141603
-0.849624 -0.137088
-0.844612 -0.132655
-0.839599 -0.128302
-0.834586 -0.124029
-0.829574 -0.119832
-0.824561 -0.115710
-0.819549 -0.111662
-0.814536 -0.107685
-0.809524 -0.103778
-0.804511 -0.099940
-0.799499 -0.096168
-0.794486 -0.092461
-0.789474 -0.088817
-0.784461 -0.085235
-0.779449 -0.081714
-0.774436 -0.078252
-0.769424 -0.074847
-0.764411 -0.071499
-0.759398 -0.068206
-0.754386 -0.064966
-0.749373 -0.061778
-0.744361 -0.058642
-0.739348 -0.055555
-0.734336 -0.052517
-0.729323 -0.049527
-0.724311 -0.046583
-0.719298 -0.043684
-0.714286 -0.040830
-0.709273 -0.038018
-0.704261 -0.035249
-0.699248 -0.032521
-0.694236 -0.029833
-0.689223 -0.027185
-0.684211 -0.024574
-0.679198 -0.022001
-0.674185 -0.019465
-0.669173 -0.016964
-0.664160 -0.014498
-0.659148 -0.012065
-0.654135 -0.009667
-0.649123 -0.007300
-0.644110 -0.004965
-0.639098 -0.002661
-0.634085 -0.000387
-0.629073 0.001857
-0.624060 0.004073
-0.619048 0.006260
-0.614035 0.008420
-0.609023 0.010553
-0.604010 0.012660
-0.598997 0.014742
-0.593985 0.016798
-0.588972 0.018830
-0.583960 0.020838
-0.578947 0.022823
-0.573935 0.024785
-0.568922 0.026725
-0.563910 0.028643
-0.558897 0.030540
-0.553885 0.032416
-0.548872 0.034272
-0.543860 0.036108
-0.538847 0.037925
-0.533835 0.039722
-0.528822 0.041501
-0.523810 0.043263
-0.518797 0.045006
-0.513784 0.046732
-0.508772 0.048441
-0.503759 0.050134
-0.498747 0.051811
-0.493734 0.053471
-0.488722 0.055117
-0.483709 0.056747
-0.478697 0.058363
-0.473684 0.059964
-0.468672 0.061551
-0.463659 0.063124
-0.458647 0.064684
-0.453634 0.066230
-0.448622 0.067764
-0.443609 0.069285
-0.438596 0.070793
-0.433584 0.072290
-0.428571 0.073775
-0.423559 0.075248
-0.418546 0.076710
-0.413534 0.078161
-0.408521 0.079601
-0.403509 0.081030
-0.398496 0.082449
-0.393484 0.083859
-0.388471 0.085258
-0.383459 0.086647
-0.378446 0.088027
-0.373434 0.089398
-0.368421 0.090759
-0.363409 0.092112
-0.358396 0.093456
-0.353383 0.094792
-0.348371 0.096119
-0.343358 0.097438
-0.338346 0.098749
-0.333333 0.100053
-0.328321 0.101349
-0.323308 0.102637
-0.318296 0.103918
-0.313283 0.105192
-0.308271 0.106459
-0.303258 0.107719
-0.298246 0.108973
-0.293233 0.110220
-0.288221 0.111460
-0.283208 0.112695
-0.278195 0.113923
-0.273183 0.115146
-0.268170 0.116362
-0.263158 0.117573
-0.258145 0.118778
-0.253133 0.119978
-0.248120 0.121173
-0.243108 0.122362
-0.238095 0.123547
-0.233083 0.124726
-0.228070 0.125901
-0.223058 0.127071
-0.218045 0.128236
-0.213033 0.129397
-0.208020 0.130553
-0.203008 0.131705
-0.197995 0.132853
-0.192982 0.133997
-0.187970 0.135137
-0.182957 0.136273
-0.177945 0.137405
-0.172932 0.138534
-0.167920 0.139659
-0.162907 0.140780
-0.157895 0.141898
-0.152882 0.143013
-0.147870 0.144125
-0.142857 0.145234
-0.137845 0.146339
-0.132832 0.147442
-0.127820 0.148541
-0.122807 0.149638
-0.117794 0.150733
-0.112782 0.151825
-0.107769 0.152914
-0.102757 0.154000
-0.097744 0.155085
-0.092732 0.156167
-0.087719 0.157247
-0.082707 0.158325
-0.077694 0.159401
-0.072682 0.160474
-0.067669 0.161546
-0.062657 0.162616
-0.057644 0.163685
-0.052632 0.164751
-0.047619 0.165817
-0.042607 0.166880
-0.037594 0.167942
-0.032581 0.169003
-0.027569 0.170062
-0.022556 0.171121
-0.017544 0.172178
-0.012531 0.173234
-0.007519 0.174288
-0.002506 0.175342
0.002506 0.176395
0.007519 0.177448
0.012531 0.178499
0.017544 0.179550
0.022556 0.180600
0.027569 0.181649
0.032581 0.182698
0.037594 0.183747
0.042607 0.184795
0.047619 0.185843
0.052632 0.186890
0.057644 0.187937
0.062657 0.188985
0.067669 0.190032
0.072682 0.191079
0.077694 0.192126
0.082707 0.193173
0.087719 0.194221
0.092732 0.195268
0.097744 0.196316
0.102757 0.197365
0.107769 0.198413
0.112782 0.199463
0.117794 0.200512
0.122807 0.201563
0.127820 0.202614
0.132832 0.203665
0.137845 0.204718
0.142857 0.205771
0.147870 0.206825
0.152882 0.207881
0.157895 0.208937
0.162907 0.209994
0.167920 0.211052
0.172932 0.212112
0.177945 0.213172
0.182957 0.214234
0.187970 0.215298
0.192982 0.216362
0.197995 0.217429
0.203008 0.218496
0.208020 0.219566
0.213033 0.220637
0.218045 0.221709
0.223058 0.222784
0.228070 0.223860
0.233083 0.224938
0.238095 0.226018
0.243108 0.227100
0.248120 0.228183
0.253133 0.229269
0.258145 0.230358
0.263158 0.231448
0.268170 0.232541
0.273183 0.233636
0.278195 0.234733
0.283208 0.235832
0.288221 0.236935
0.293233 0.238039
0.298246 0.239147
0.303258 0.240256
0.308271 0.241369
0.313283 0.242484
0.318296 0.243602
0.323308 0.244723
0.328321 0.245847
0.333333 0.246974
0.338346 0.248104
0.343358 0.249237
0.348371 0.250373
0.353383 0.251512
0.358396 0.252655
0.363409 0.253800
0.368421 0.254949
0.373434 0.256102
0.378446 0.257257
0.383459 0.258417
0.388471 0.259579
0.393484 0.260746
0.398496 0.261916
0.403509 0.263090
0.408521 0.264267
0.413534 0.265448
0.418546 0.266633
0.423559 0.267822
0.428571 0.269014
0.433584 0.270211
0.438596 0.271412
0.443609 0.272616
0.448622 0.273825
0.453634 0.275038
0.458647 0.276255
0.463659 0.277476
0.468672 0.278702
0.473684 0.279931
0.478697 0.281165
0.483709 0.282404
0.488722 0.283646
0.493734 0.284894
0.498747 0.286145
0.503759 0.287401
0.508772 0.288662
0.513784 0.289927
0.518797 0.291197
0.523810 0.292471
0.528822 0.293750
0.533835 0.295033
0.538847 0.296322
0.543860 0.297614
0.548872 0.298912
0.553885 0.300214
0.558897 0.301521
0.563910 0.302833
0.568922 0.304149
0.573935 0.305471
0.578947 0.306797
0.583960 0.308127
0.588972 0.309463
0.593985 0.310803
0.598997 0.312148
0.604010 0.313498
0.609023 0.314853
0.614035 0.316212
0.619048 0.317576
0.624060 0.318945
0.629073 0.320318
0.634085 0.321697
0.639098 0.323080
0.644110 0.324467
0.649123 0.325859
0.654135 0.327256
0.659148 0.328657
0.664160 0.330063
0.669173 0.331473
0.674185 0.332888
0.679198 0.334307
0.684211 0.335730
0.689223 0.337158
0.694236 0.338589
0.699248 0.340025
0.704261 0.341465
0.709273 0.342909
0.714286 0.344357
0.719298 0.345809
0.724311 0.347264
0.729323 0.348723
0.734336 0.350186
0.739348 0.351652
0.744361 0.353121
0.749373 0.354594
0.754386 0.356070
0.759398 0.357548
0.764411 0.359030
0.769424 0.360515
0.774436 0.362002
0.779449 0.363491
0.784461 0.364983
0.789474 0.366477
0.794486 0.367973
0.799499 0.369471
0.804511 0.370970
0.809524 0.372471
0.814536 0.373974
0.819549 0.375477
0.824561 0.376981
0.829574 0.378486
0.834586 0.379992
0.839599 0.381498
0.844612 0.383003
0.849624 0.384509
0.854637 0.386014
0.859649 0.387519
0.864662 0.389022
0.869674 0.390525
0.874687 0.392025
0.879699 0.393524
0.884712 0.395021
0.889724 0.396516
0.894737 0.398008
0.899749 0.399497
0.904762 0.400982
0.909774 0.402464
0.914787 0.403942
0.919799 0.405416
0.924812 0.406885
0.929825 0.408348
0.934837 0.409807
0.939850 0.411259
0.944862 0.412705
0.949875 0.414145
0.954887 0.415577
0.959900 0.417002
0.964912 0.418418
0.969925 0.419826
0.974937 0.421226
0.979950 0.422616
0.984962 0.423996
0.989975 0.425365
0.994987 0.426724
1.000000 0.428071
