lam train test norm
0.0000000100 0.0157996983 6.5507593717 456.2250566748
0.0000000316 0.0159796408 3.2692768452 303.5717120757
0.0000001000 0.0162925779 1.1087665487 150.1310069889
0.0000003162 0.0165397787 0.3857783653 63.4518656566
0.0000010000 0.0166682149 0.2005421023 30.6063361436
0.0000031623 0.0167318389 0.1528342823 21.2965311644
0.0000100000 0.0167710153 0.1394599353 19.1022225602
0.0000316228 0.0168714083 0.1333257103 17.4076994008
0.0001000000 0.0173272850 0.1276847766 14.5937204381
0.0003162278 0.0187575695 0.1207007495 10.9522971401
0.0010000000 0.0215663775 0.1207309184 7.6877620521
0.0031622777 0.0250814737 0.1218394313 5.8734702745
0.0100000000 0.0318181806 0.1054008669 4.5518186433
0.0316227766 0.0490587791 0.0903410881 3.0446894315
0.1000000000 0.0747950025 0.1065786450 1.8852498393
0.3162277660 0.1051535603 0.1618228678 1.2023486161
1.0000000000 0.1480256766 0.2480373653 0.7116836545
3.1622776602 0.1951931276 0.3263152415 0.4107171218
10.0000000000 0.2452912899 0.3895666351 0.2412538298
31.6227766017 0.3079023684 0.4511376301 0.1181660764
100.0000000000 0.3580022644 0.4946743604 0.0459964612
