ep tr va tru vau trr var
1 0.496117 0.473326 0.502497 0.445848 0.506128 0.484143
6 0.260915 0.206308 0.459824 0.413078 0.286509 0.236031
11 0.207504 0.174956 0.437964 0.395208 0.234550 0.188633
16 0.136609 0.119812 0.412878 0.366289 0.213585 0.184163
21 0.083191 0.131162 0.387155 0.333450 0.162570 0.133154
26 0.081593 0.123572 0.365235 0.304988 0.120179 0.121323
31 0.065183 0.148404 0.347958 0.283587 0.095071 0.130768
36 0.058176 0.115347 0.336185 0.269672 0.082006 0.114290
41 0.055509 0.118810 0.328795 0.260965 0.083607 0.168886
46 0.053261 0.130375 0.324042 0.255059 0.069344 0.121447
51 0.051073 0.121688 0.320162 0.250090 0.099316 0.158506
56 0.050366 0.122966 0.318573 0.246250 0.092478 0.172989
61 0.049805 0.120873 0.317349 0.243795 0.067206 0.125940
66 0.048808 0.121941 0.316738 0.242618 0.069718 0.148081
71 0.048075 0.123672 0.316052 0.242211 0.071590 0.157629
76 0.047101 0.125173 0.315343 0.241969 0.071640 0.151591
81 0.047202 0.129195 0.314648 0.241692 0.081211 0.166025
86 0.048361 0.120861 0.314317 0.241830 0.058139 0.125914
91 0.045720 0.125271 0.314138 0.242375 0.061352 0.149019
96 0.047544 0.134704 0.314010 0.242818 0.056402 0.144740
101 0.046090 0.122238 0.313919 0.243005 0.054870 0.143898
106 0.047179 0.122772 0.313864 0.243208 0.056985 0.140871
111 0.044776 0.122754 0.313829 0.243545 0.057157 0.146596
116 0.043942 0.128665 0.313807 0.243886 0.058599 0.150238
121 0.043531 0.126819 0.313792 0.244103 0.058035 0.139592
126 0.044978 0.135564 0.313781 0.244243 0.057747 0.147271
131 0.046443 0.123248 0.313773 0.244401 0.056402 0.152067
136 0.044530 0.124076 0.313768 0.244569 0.054207 0.133847
141 0.042524 0.129041 0.313765 0.244689 0.065828 0.164998
146 0.044418 0.137952 0.313763 0.244768 0.053720 0.137203
151 0.042193 0.131344 0.313762 0.244840 0.053264 0.133898
156 0.042904 0.125121 0.313761 0.244915 0.062606 0.155781
161 0.042047 0.125588 0.313761 0.244970 0.055201 0.136900
166 0.043152 0.138045 0.313761 0.245004 0.056811 0.147592
171 0.041187 0.133304 0.313761 0.245032 0.053805 0.150646
176 0.048153 0.125310 0.313760 0.245059 0.054995 0.162204
181 0.043913 0.126267 0.313760 0.245079 0.050717 0.150241
186 0.041564 0.127804 0.313760 0.245091 0.049140 0.148416
191 0.040119 0.131042 0.313760 0.245099 0.053275 0.149328
196 0.039702 0.130994 0.313760 0.245108 0.059813 0.155407
201 0.039374 0.132086 0.313760 0.245113 0.066290 0.149557
206 0.039241 0.130692 0.313760 0.245115 0.067409 0.164885
211 0.039159 0.130294 0.313760 0.245117 0.059346 0.152411
216 0.038628 0.133689 0.313760 0.245119 0.083424 0.193351
221 0.038772 0.137827 0.313760 0.245119 0.055009 0.142735
226 0.038802 0.132547 0.313760 0.245119 0.055328 0.156221
231 0.037876 0.136278 0.313760 0.245119 0.055693 0.159723
236 0.039638 0.142518 0.313760 0.245119 0.050878 0.159760
241 0.045591 0.130992 0.313760 0.245118 0.060547 0.174264
246 0.041454 0.130125 0.313760 0.245118 0.049368 0.147406
251 0.038448 0.132936 0.313760 0.245117 0.050294 0.149314
256 0.037166 0.135041 0.313760 0.245117 0.055876 0.162853
261 0.036916 0.138428 0.313760 0.245117 0.049377 0.164563
266 0.036728 0.139932 0.313760 0.245117 0.051100 0.156485
271 0.036423 0.137949 0.313760 0.245117 0.058622 0.165640
276 0.036294 0.138378 0.313760 0.245116 0.048998 0.145749
281 0.036299 0.137225 0.313760 0.245116 0.061807 0.163046
286 0.035807 0.137597 0.313760 0.245116 0.051059 0.141996
291 0.035706 0.140281 0.313760 0.245116 0.050255 0.146785
296 0.036338 0.136546 0.313760 0.245116 0.075265 0.180584
301 0.039277 0.150950 0.313760 0.245116 0.048549 0.136523
306 0.037172 0.133139 0.313760 0.245116 0.053965 0.148484
311 0.040548 0.133410 0.313760 0.245116 0.051949 0.139050
316 0.035288 0.135131 0.313760 0.245116 0.049005 0.148642
321 0.034856 0.142437 0.313760 0.245116 0.061900 0.163285
326 0.035767 0.143651 0.313760 0.245116 0.048662 0.143998
331 0.034437 0.143245 0.313760 0.245116 0.053289 0.156178
336 0.034809 0.136986 0.313760 0.245116 0.048642 0.159018
341 0.033586 0.136720 0.313760 0.245116 0.047998 0.158702
346 0.037473 0.152087 0.313760 0.245116 0.048756 0.154609
351 0.041632 0.133533 0.313760 0.245116 0.049970 0.164096
356 0.038419 0.132090 0.313760 0.245116 0.052085 0.164540
361 0.035699 0.140725 0.313760 0.245116 0.046851 0.156552
366 0.032419 0.133528 0.313760 0.245116 0.046160 0.150531
371 0.032219 0.143066 0.313760 0.245116 0.054894 0.158980
376 0.035843 0.152570 0.313760 0.245116 0.047962 0.145222
381 0.032737 0.145543 0.313760 0.245116 0.050418 0.142986
386 0.031296 0.138715 0.313760 0.245116 0.050142 0.152350
391 0.032275 0.138427 0.313760 0.245116 0.051988 0.160585
396 0.030714 0.138659 0.313760 0.245116 0.046723 0.161123
401 0.033868 0.148806 0.313760 0.245116 0.049254 0.154483
406 0.041065 0.135318 0.313760 0.245116 0.049850 0.154839
411 0.036544 0.139399 0.313760 0.245116 0.051348 0.155921
416 0.031762 0.138979 0.313760 0.245116 0.048793 0.153872
421 0.030605 0.135325 0.313760 0.245116 0.052755 0.157885
426 0.028583 0.141088 0.313760 0.245116 0.047157 0.151935
431 0.028707 0.141687 0.313760 0.245116 0.050108 0.151859
436 0.029977 0.148996 0.313760 0.245116 0.047215 0.143505
441 0.029976 0.145740 0.313760 0.245116 0.043695 0.148122
446 0.027352 0.145611 0.313760 0.245116 0.053333 0.162432
451 0.029132 0.139747 0.313760 0.245116 0.045324 0.155642
456 0.026660 0.143238 0.313760 0.245116 0.046762 0.145477
461 0.026376 0.144311 0.313760 0.245116 0.052346 0.147168
466 0.031804 0.142269 0.313760 0.245116 0.048069 0.139689
471 0.050697 0.183335 0.313760 0.245116 0.048388 0.145530
476 0.026647 0.138763 0.313760 0.245116 0.049735 0.151213
481 0.035380 0.145681 0.313760 0.245116 0.046850 0.153332
486 0.025323 0.138580 0.313760 0.245116 0.051096 0.161393
491 0.028003 0.153279 0.313760 0.245116 0.046442 0.154587
496 0.025445 0.140081 0.313760 0.245116 0.048868 0.159310
501 0.024562 0.143075 0.313760 0.245116 0.054854 0.167626
506 0.025201 0.148620 0.313760 0.245116 0.045671 0.149913
511 0.023645 0.142711 0.313760 0.245116 0.054848 0.167458
516 0.023216 0.147354 0.313760 0.245116 0.049447 0.146154
521 0.022543 0.144243 0.313760 0.245116 0.047775 0.143171
526 0.022025 0.144789 0.313760 0.245116 0.045962 0.140936
531 0.021839 0.145552 0.313760 0.245116 0.044529 0.141427
536 0.021765 0.143303 0.313760 0.245116 0.050504 0.154990
541 0.021753 0.144797 0.313760 0.245116 0.045712 0.146586
546 0.020427 0.146291 0.313760 0.245116 0.048651 0.149774
551 0.026119 0.160716 0.313760 0.245116 0.046364 0.146525
556 0.028218 0.146509 0.313760 0.245116 0.049179 0.157126
561 0.026882 0.146888 0.313760 0.245116 0.059311 0.168224
566 0.022348 0.150500 0.313760 0.245116 0.046730 0.158154
571 0.019780 0.145873 0.313760 0.245116 0.053099 0.171542
576 0.020788 0.155083 0.313760 0.245116 0.051138 0.148569
581 0.022700 0.154888 0.313760 0.245116 0.046275 0.148424
586 0.018378 0.151473 0.313760 0.245116 0.051624 0.154885
591 0.021050 0.151473 0.313760 0.245116 0.045668 0.157824
596 0.018396 0.150270 0.313760 0.245116 0.045044 0.157931
601 0.023453 0.166082 0.313760 0.245116 0.048244 0.148847
606 0.025421 0.149658 0.313760 0.245116 0.044958 0.134522
611 0.027770 0.157035 0.313760 0.245116 0.047667 0.140235
616 0.022267 0.151805 0.313760 0.245116 0.046171 0.148391
621 0.019608 0.154194 0.313760 0.245116 0.046784 0.155078
626 0.016514 0.155277 0.313760 0.245116 0.048635 0.160427
631 0.015672 0.152103 0.313760 0.245116 0.049825 0.154992
636 0.015281 0.152659 0.313760 0.245116 0.048506 0.156459
641 0.016400 0.159445 0.313760 0.245116 0.046187 0.144386
646 0.014887 0.150405 0.313760 0.245116 0.045450 0.143208
651 0.015413 0.153025 0.313760 0.245116 0.048433 0.149131
656 0.027558 0.176745 0.313760 0.245116 0.053714 0.158764
661 0.014633 0.158623 0.313760 0.245116 0.044832 0.155301
666 0.015463 0.155953 0.313760 0.245116 0.056802 0.178544
671 0.017433 0.157321 0.313760 0.245116 0.048441 0.151771
676 0.013171 0.158800 0.313760 0.245116 0.050383 0.155157
681 0.014932 0.163403 0.313760 0.245116 0.050152 0.153657
686 0.015423 0.156063 0.313760 0.245116 0.041699 0.147492
691 0.015007 0.161241 0.313760 0.245116 0.043478 0.151291
696 0.014212 0.157433 0.313760 0.245116 0.051645 0.164100
701 0.012929 0.168231 0.313760 0.245116 0.046446 0.165203
706 0.017138 0.156260 0.313760 0.245116 0.044321 0.160350
711 0.014273 0.164960 0.313760 0.245116 0.047029 0.160196
716 0.022234 0.173344 0.313760 0.245116 0.043941 0.150181
721 0.010904 0.159947 0.313760 0.245116 0.055880 0.153954
726 0.010299 0.160151 0.313760 0.245116 0.050794 0.148588
731 0.010811 0.161787 0.313760 0.245116 0.044364 0.148582
736 0.010294 0.162283 0.313760 0.245116 0.060261 0.173613
741 0.010824 0.163469 0.313760 0.245116 0.042681 0.149749
746 0.009252 0.161402 0.313760 0.245116 0.046164 0.152107
751 0.010574 0.167013 0.313760 0.245116 0.045558 0.150855
756 0.008665 0.163080 0.313760 0.245116 0.045537 0.148789
761 0.010782 0.165524 0.313760 0.245116 0.043104 0.142756
766 0.025309 0.182639 0.313760 0.245116 0.047081 0.148046
771 0.016512 0.170874 0.313760 0.245116 0.045085 0.147642
776 0.009990 0.165892 0.313760 0.245116 0.056852 0.171450
781 0.008250 0.164894 0.313760 0.245116 0.042058 0.149320
786 0.008683 0.163880 0.313760 0.245116 0.047507 0.151997
791 0.008654 0.165853 0.313760 0.245116 0.042784 0.145832
796 0.007507 0.167350 0.313760 0.245116 0.039985 0.144137
