x y
-1.000000 -0.830398
-0.994987 -0.790232
-0.989975 -0.752280
-0.984962 -0.716462
-0.979950 -0.682702
-0.974937 -0.650922
-0.969925 -0.621051
-0.964912 -0.593016
-0.959900 -0.566748
-0.954887 -0.542180
-0.949875 -0.519245
-0.944862 -0.497882
-0.939850 -0.478026
-0.934837 -0.459619
-0.929825 -0.442602
-0.924812 -0.426919
-0.919799 -0.412514
-0.914787 -0.399334
-0.909774 -0.387327
-0.904762 -0.376443
-0.899749 -0.366633
-0.894737 -0.357849
-0.889724 -0.350047
-0.884712 -0.343181
-0.879699 -0.337209
-0.874687 -0.332089
-0.869674 -0.327779
-0.864662 -0.324242
-0.859649 -0.321439
-0.854637 -0.319333
-0.849624 -0.317889
-0.844612 -0.317073
-0.839599 -0.316851
-0.834586 -0.317190
-0.829574 -0.318061
-0.824561 -0.319432
-0.819549 -0.321276
-0.814536 -0.323562
-0.809524 -0.326266
-0.804511 -0.329359
-0.799499 -0.332818
-0.794486 -0.336617
-0.789474 -0.340734
-0.784461 -0.345145
-0.779449 -0.349828
-0.774436 -0.354763
-0.769424 -0.359929
-0.764411 -0.365307
-0.759398 -0.370877
-0.754386 -0.376622
-0.749373 -0.382524
-0.744361 -0.388566
-0.739348 -0.394733
-0.734336 -0.401009
-0.729323 -0.407379
-0.724311 -0.413828
-0.719298 -0.420344
-0.714286 -0.426912
-0.709273 -0.433521
-0.704261 -0.440158
-0.699248 -0.446812
-0.694236 -0.453472
-0.689223 -0.460127
-0.684211 -0.466767
-0.679198 -0.473382
-0.674185 -0.479964
-0.669173 -0.486504
-0.664160 -0.492992
-0.659148 -0.499422
-0.654135 -0.505786
-0.649123 -0.512076
-0.644110 -0.518286
-0.639098 -0.524410
-0.634085 -0.530440
-0.629073 -0.536372
-0.624060 -0.542199
-0.619048 -0.547918
-0.614035 -0.553522
-0.609023 -0.559007
-0.604010 -0.564369
-0.598997 -0.569604
-0.593985 -0.574708
-0.588972 -0.579677
-0.583960 -0.584509
-0.578947 -0.589200
-0.573935 -0.593746
-0.568922 -0.598147
-0.563910 -0.602398
-0.558897 -0.606499
-0.553885 -0.610446
-0.548872 -0.614238
-0.543860 -0.617873
-0.538847 -0.621350
-0.533835 -0.624667
-0.528822 -0.627823
-0.523810 -0.630818
-0.518797 -0.633649
-0.513784 -0.636317
-0.508772 -0.638821
-0.503759 -0.641159
-0.498747 -0.643332
-0.493734 -0.645340
-0.488722 -0.647182
-0.483709 -0.648858
-0.478697 -0.650368
-0.473684 -0.651713
-0.468672 -0.652892
-0.463659 -0.653905
-0.458647 -0.654754
-0.453634 -0.655438
-0.448622 -0.655959
-0.443609 -0.656316
-0.438596 -0.656511
-0.433584 -0.656543
-0.428571 -0.656414
-0.423559 -0.656126
-0.418546 -0.655677
-0.413534 -0.655070
-0.408521 -0.654306
-0.403509 -0.653385
-0.398496 -0.652309
-0.393484 -0.651078
-0.388471 -0.649695
-0.383459 -0.648159
-0.378446 -0.646473
-0.373434 -0.644637
-0.368421 -0.642653
-0.363409 -0.640522
-0.358396 -0.638245
-0.353383 -0.635825
-0.348371 -0.633261
-0.343358 -0.630556
-0.338346 -0.627710
-0.333333 -0.624726
-0.328321 -0.621605
-0.323308 -0.618348
-0.318296 -0.614956
-0.313283 -0.611431
-0.308271 -0.607775
-0.303258 -0.603989
-0.298246 -0.600075
-0.293233 -0.596033
-0.288221 -0.591866
-0.283208 -0.587574
-0.278195 -0.583160
-0.273183 -0.578625
-0.268170 -0.573970
-0.263158 -0.569197
-0.258145 -0.564308
-0.253133 -0.559303
-0.248120 -0.554184
-0.243108 -0.548954
-0.238095 -0.543612
-0.233083 -0.538161
-0.228070 -0.532602
-0.223058 -0.526937
-0.218045 -0.521167
-0.213033 -0.515294
-0.208020 -0.509318
-0.203008 -0.503242
-0.197995 -0.497066
-0.192982 -0.490793
-0.187970 -0.484424
-0.182957 -0.477959
-0.177945 -0.471401
-0.172932 -0.464750
-0.167920 -0.458009
-0.162907 -0.451178
-0.157895 -0.444259
-0.152882 -0.437254
-0.147870 -0.430163
-0.142857 -0.422988
-0.137845 -0.415730
-0.132832 -0.408390
-0.127820 -0.400971
-0.122807 -0.393472
-0.117794 -0.385896
-0.112782 -0.378244
-0.107769 -0.370517
-0.102757 -0.362716
-0.097744 -0.354842
-0.092732 -0.346897
-0.087719 -0.338882
-0.082707 -0.330799
-0.077694 -0.322647
-0.072682 -0.314430
-0.067669 -0.306147
-0.062657 -0.297800
-0.057644 -0.289391
-0.052632 -0.280920
-0.047619 -0.272389
-0.042607 -0.263798
-0.037594 -0.255150
-0.032581 -0.246444
-0.027569 -0.237683
-0.022556 -0.228867
-0.017544 -0.219998
-0.012531 -0.211077
-0.007519 -0.202104
-0.002506 -0.193081
0.002506 -0.184010
0.007519 -0.174891
0.012531 -0.165725
0.017544 -0.156514
0.022556 -0.147258
0.027569 -0.137959
0.032581 -0.128618
0.037594 -0.119236
0.042607 -0.109814
0.047619 -0.100353
0.052632 -0.090854
0.057644 -0.081319
0.062657 -0.071748
0.067669 -0.062143
0.072682 -0.052504
0.077694 -0.042834
0.082707 -0.033132
0.087719 -0.023401
0.092732 -0.013640
0.097744 -0.003852
0.102757 0.005963
0.107769 0.015803
0.112782 0.025667
0.117794 0.035555
0.122807 0.045464
0.127820 0.055395
0.132832 0.065345
0.137845 0.075314
0.142857 0.085300
0.147870 0.095302
0.152882 0.105319
0.157895 0.115350
0.162907 0.125394
0.167920 0.135449
0.172932 0.145514
0.177945 0.155588
0.182957 0.165670
0.187970 0.175758
0.192982 0.185851
0.197995 0.195948
0.203008 0.206048
0.208020 0.216148
0.213033 0.226249
0.218045 0.236347
0.223058 0.246443
0.228070 0.256535
0.233083 0.266621
0.238095 0.276699
0.243108 0.286769
0.248120 0.296828
0.253133 0.306876
0.258145 0.316911
0.263158 0.326931
0.268170 0.336935
0.273183 0.346920
0.278195 0.356886
0.283208 0.366830
0.288221 0.376752
0.293233 0.386649
0.298246 0.396519
0.303258 0.406360
0.308271 0.416172
0.313283 0.425951
0.318296 0.435697
0.323308 0.445406
0.328321 0.455077
0.333333 0.464708
0.338346 0.474297
0.343358 0.483842
0.348371 0.493341
0.353383 0.502790
0.358396 0.512189
0.363409 0.521534
0.368421 0.530823
0.373434 0.540055
0.378446 0.549225
0.383459 0.558333
0.388471 0.567374
0.393484 0.576347
0.398496 0.585249
0.403509 0.594076
0.408521 0.602827
0.413534 0.611497
0.418546 0.620085
0.423559 0.628586
0.428571 0.636998
0.433584 0.645318
0.438596 0.653541
0.443609 0.661665
0.448622 0.669687
0.453634 0.677602
0.458647 0.685407
0.463659 0.693098
0.468672 0.700671
0.473684 0.708123
0.478697 0.715448
0.483709 0.722644
0.488722 0.729706
0.493734 0.736628
0.498747 0.743408
0.503759 0.750040
0.508772 0.756519
0.513784 0.762841
0.518797 0.769001
0.523810 0.774993
0.528822 0.780812
0.533835 0.786454
0.538847 0.791911
0.543860 0.797180
0.548872 0.802254
0.553885 0.807127
0.558897 0.811792
0.563910 0.816245
0.568922 0.820478
0.573935 0.824485
0.578947 0.828259
0.583960 0.831794
0.588972 0.835081
0.593985 0.838115
0.598997 0.840888
0.604010 0.843391
0.609023 0.845618
0.614035 0.847561
0.619048 0.849210
0.624060 0.850559
0.629073 0.851598
0.634085 0.852318
0.639098 0.852712
0.644110 0.852769
0.649123 0.852480
0.654135 0.851835
0.659148 0.850826
0.664160 0.849440
0.669173 0.847670
0.674185 0.845503
0.679198 0.842929
0.684211 0.839937
0.689223 0.836516
0.694236 0.832654
0.699248 0.828340
0.704261 0.823560
0.709273 0.818304
0.714286 0.812558
0.719298 0.806309
0.724311 0.799544
0.729323 0.792250
0.734336 0.784413
0.739348 0.776018
0.744361 0.767052
0.749373 0.757500
0.754386 0.747346
0.759398 0.736575
0.764411 0.725172
0.769424 0.713120
0.774436 0.700403
0.779449 0.687004
0.784461 0.672907
0.789474 0.658094
0.794486 0.642547
0.799499 0.626247
0.804511 0.609177
0.809524 0.591317
0.814536 0.572649
0.819549 0.553151
0.824561 0.532806
0.829574 0.511590
0.834586 0.489485
0.839599 0.466468
0.844612 0.442519
0.849624 0.417613
0.854637 0.391730
0.859649 0.364846
0.864662 0.336937
0.869674 0.307980
0.874687 0.277951
0.879699 0.246823
0.884712 0.214573
0.889724 0.181174
0.894737 0.146599
0.899749 0.110823
0.904762 0.073818
0.909774 0.035556
0.914787 -0.003990
0.919799 -0.044851
0.924812 -0.087055
0.929825 -0.130631
0.934837 -0.175611
0.939850 -0.222025
0.944862 -0.269904
0.949875 -0.319281
0.954887 -0.370187
0.959900 -0.422656
0.964912 -0.476722
0.969925 -0.532419
0.974937 -0.589781
0.979950 -0.648844
0.984962 -0.709643
0.989975 -0.772216
0.994987 -0.836599
1.000000 -0.902829
