x y
-1.000000 0.000000
-0.994987 -0.015747
-0.989975 -0.031489
-0.984962 -0.047224
-0.979950 -0.062948
-0.974937 -0.078655
-0.969925 -0.094343
-0.964912 -0.110008
-0.959900 -0.125646
-0.954887 -0.141252
-0.949875 -0.156823
-0.944862 -0.172356
-0.939850 -0.187845
-0.934837 -0.203288
-0.929825 -0.218681
-0.924812 -0.234020
-0.919799 -0.249300
-0.914787 -0.264519
-0.909774 -0.279672
-0.904762 -0.294755
-0.899749 -0.309766
-0.894737 -0.324699
-0.889724 -0.339553
-0.884712 -0.354322
-0.879699 -0.369003
-0.874687 -0.383593
-0.869674 -0.398087
-0.864662 -0.412483
-0.859649 -0.426776
-0.854637 -0.440964
-0.849624 -0.455043
-0.844612 -0.469008
-0.839599 -0.482857
-0.834586 -0.496587
-0.829574 -0.510193
-0.824561 -0.523673
-0.819549 -0.537023
-0.814536 -0.550240
-0.809524 -0.563320
-0.804511 -0.576261
-0.799499 -0.589059
-0.794486 -0.601710
-0.789474 -0.614213
-0.784461 -0.626563
-0.779449 -0.638758
-0.774436 -0.650794
-0.769424 -0.662669
-0.764411 -0.674380
-0.759398 -0.685923
-0.754386 -0.697297
-0.749373 -0.708497
-0.744361 -0.719522
-0.739348 -0.730368
-0.734336 -0.741034
-0.729323 -0.751515
-0.724311 -0.761810
-0.719298 -0.771917
-0.714286 -0.781831
-0.709273 -0.791552
-0.704261 -0.801077
-0.699248 -0.810403
-0.694236 -0.819528
-0.689223 -0.828450
-0.684211 -0.837166
-0.679198 -0.845675
-0.674185 -0.853974
-0.669173 -0.862062
-0.664160 -0.869935
-0.659148 -0.877593
-0.654135 -0.885033
-0.649123 -0.892254
-0.644110 -0.899254
-0.639098 -0.906030
-0.634085 -0.912582
-0.629073 -0.918908
-0.624060 -0.925005
-0.619048 -0.930874
-0.614035 -0.936511
-0.609023 -0.941917
-0.604010 -0.947088
-0.598997 -0.952025
-0.593985 -0.956726
-0.588972 -0.961189
-0.583960 -0.965414
-0.578947 -0.969400
-0.573935 -0.973146
-0.568922 -0.976650
-0.563910 -0.979912
-0.558897 -0.982931
-0.553885 -0.985706
-0.548872 -0.988236
-0.543860 -0.990522
-0.538847 -0.992562
-0.533835 -0.994356
-0.528822 -0.995903
-0.523810 -0.997204
-0.518797 -0.998257
-0.513784 -0.999062
-0.508772 -0.999620
-0.503759 -0.999930
-0.498747 -0.999992
-0.493734 -0.999806
-0.488722 -0.999372
-0.483709 -0.998691
-0.478697 -0.997761
-0.473684 -0.996584
-0.468672 -0.995161
-0.463659 -0.993490
-0.458647 -0.991573
-0.453634 -0.989410
-0.448622 -0.987002
-0.443609 -0.984349
-0.438596 -0.981451
-0.433584 -0.978311
-0.428571 -0.974928
-0.423559 -0.971303
-0.418546 -0.967437
-0.413534 -0.963332
-0.408521 -0.958987
-0.403509 -0.954405
-0.398496 -0.949586
-0.393484 -0.944532
-0.388471 -0.939243
-0.383459 -0.933721
-0.378446 -0.927968
-0.373434 -0.921985
-0.368421 -0.915773
-0.363409 -0.909334
-0.358396 -0.902670
-0.353383 -0.895782
-0.348371 -0.888671
-0.343358 -0.881341
-0.338346 -0.873791
-0.333333 -0.866025
-0.328321 -0.858045
-0.323308 -0.849851
-0.318296 -0.841447
-0.313283 -0.832834
-0.308271 -0.824015
-0.303258 -0.814991
-0.298246 -0.805765
-0.293233 -0.796339
-0.288221 -0.786716
-0.283208 -0.776898
-0.278195 -0.766887
-0.273183 -0.756686
-0.268170 -0.746298
-0.263158 -0.735724
-0.258145 -0.724968
-0.253133 -0.714032
-0.248120 -0.702919
-0.243108 -0.691632
-0.238095 -0.680173
-0.233083 -0.668545
-0.228070 -0.656752
-0.223058 -0.644796
-0.218045 -0.632680
-0.213033 -0.620407
-0.208020 -0.607980
-0.203008 -0.595403
-0.197995 -0.582678
-0.192982 -0.569808
-0.187970 -0.556797
-0.182957 -0.543648
-0.177945 -0.530364
-0.172932 -0.516949
-0.167920 -0.503406
-0.162907 -0.489737
-0.157895 -0.475947
-0.152882 -0.462040
-0.147870 -0.448017
-0.142857 -0.433884
-0.137845 -0.419643
-0.132832 -0.405298
-0.127820 -0.390852
-0.122807 -0.376309
-0.117794 -0.361674
-0.112782 -0.346948
-0.107769 -0.332136
-0.102757 -0.317242
-0.097744 -0.302270
-0.092732 -0.287222
-0.087719 -0.272103
-0.082707 -0.256917
-0.077694 -0.241667
-0.072682 -0.226357
-0.067669 -0.210991
-0.062657 -0.195573
-0.057644 -0.180106
-0.052632 -0.164595
-0.047619 -0.149042
-0.042607 -0.133453
-0.037594 -0.117831
-0.032581 -0.102179
-0.027569 -0.086502
-0.022556 -0.070804
-0.017544 -0.055088
-0.012531 -0.039358
-0.007519 -0.023619
-0.002506 -0.007874
0.002506 0.007874
0.007519 0.023619
0.012531 0.039358
0.017544 0.055088
0.022556 0.070804
0.027569 0.086502
0.032581 0.102179
0.037594 0.117831
0.042607 0.133453
0.047619 0.149042
0.052632 0.164595
0.057644 0.180106
0.062657 0.195573
0.067669 0.210991
0.072682 0.226357
0.077694 0.241667
0.082707 0.256917
0.087719 0.272103
0.092732 0.287222
0.097744 0.302270
0.102757 0.317242
0.107769 0.332136
0.112782 0.346948
0.117794 0.361674
0.122807 0.376309
0.127820 0.390852
0.132832 0.405298
0.137845 0.419643
0.142857 0.433884
0.147870 0.448017
0.152882 0.462040
0.157895 0.475947
0.162907 0.489737
0.167920 0.503406
0.172932 0.516949
0.177945 0.530364
0.182957 0.543648
0.187970 0.556797
0.192982 0.569808
0.197995 0.582678
0.203008 0.595403
0.208020 0.607980
0.213033 0.620407
0.218045 0.632680
0.223058 0.644796
0.228070 0.656752
0.233083 0.668545
0.238095 0.680173
0.243108 0.691632
0.248120 0.702919
0.253133 0.714032
0.258145 0.724968
0.263158 0.735724
0.268170 0.746298
0.273183 0.756686
0.278195 0.766887
0.283208 0.776898
0.288221 0.786716
0.293233 0.796339
0.298246 0.805765
0.303258 0.814991
0.308271 0.824015
0.313283 0.832834
0.318296 0.841447
0.323308 0.849851
0.328321 0.858045
0.333333 0.866025
0.338346 0.873791
0.343358 0.881341
0.348371 0.888671
0.353383 0.895782
0.358396 0.902670
0.363409 0.909334
0.368421 0.915773
0.373434 0.921985
0.378446 0.927968
0.383459 0.933721
0.388471 0.939243
0.393484 0.944532
0.398496 0.949586
0.403509 0.954405
0.408521 0.958987
0.413534 0.963332
0.418546 0.967437
0.423559 0.971303
0.428571 0.974928
0.433584 0.978311
0.438596 0.981451
0.443609 0.984349
0.448622 0.987002
0.453634 0.989410
0.458647 0.991573
0.463659 0.993490
0.468672 0.995161
0.473684 0.996584
0.478697 0.997761
0.483709 0.998691
0.488722 0.999372
0.493734 0.999806
0.498747 0.999992
0.503759 0.999930
0.508772 0.999620
0.513784 0.999062
0.518797 0.998257
0.523810 0.997204
0.528822 0.995903
0.533835 0.994356
0.538847 0.992562
0.543860 0.990522
0.548872 0.988236
0.553885 0.985706
0.558897 0.982931
0.563910 0.979912
0.568922 0.976650
0.573935 0.973146
0.578947 0.969400
0.583960 0.965414
0.588972 0.961189
0.593985 0.956726
0.598997 0.952025
0.604010 0.947088
0.609023 0.941917
0.614035 0.936511
0.619048 0.930874
0.624060 0.925005
0.629073 0.918908
0.634085 0.912582
0.639098 0.906030
0.644110 0.899254
0.649123 0.892254
0.654135 0.885033
0.659148 0.877593
0.664160 0.869935
0.669173 0.862062
0.674185 0.853974
0.679198 0.845675
0.684211 0.837166
0.689223 0.828450
0.694236 0.819528
0.699248 0.810403
0.704261 0.801077
0.709273 0.791552
0.714286 0.781831
0.719298 0.771917
0.724311 0.761810
0.729323 0.751515
0.734336 0.741034
0.739348 0.730368
0.744361 0.719522
0.749373 0.708497
0.754386 0.697297
0.759398 0.685923
0.764411 0.674380
0.769424 0.662669
0.774436 0.650794
0.779449 0.638758
0.784461 0.626563
0.789474 0.614213
0.794486 0.601710
0.799499 0.589059
0.804511 0.576261
0.809524 0.563320
0.814536 0.550240
0.819549 0.537023
0.824561 0.523673
0.829574 0.510193
0.834586 0.496587
0.839599 0.482857
0.844612 0.469008
0.849624 0.455043
0.854637 0.440964
0.859649 0.426776
0.864662 0.412483
0.869674 0.398087
0.874687 0.383593
0.879699 0.369003
0.884712 0.354322
0.889724 0.339553
0.894737 0.324699
0.899749 0.309766
0.904762 0.294755
0.909774 0.279672
0.914787 0.264519
0.919799 0.249300
0.924812 0.234020
0.929825 0.218681
0.934837 0.203288
0.939850 0.187845
0.944862 0.172356
0.949875 0.156823
0.954887 0.141252
0.959900 0.125646
0.964912 0.110008
0.969925 0.094343
0.974937 0.078655
0.979950 0.062948
0.984962 0.047224
0.989975 0.031489
0.994987 0.015747
1.000000 0.000000
