layer small_tanh xav_tanh xav_relu he_relu big_relu
1 -0.801476 -0.199000 -0.224322 -0.073807 0.014239
2 -1.601309 -0.314120 -0.388739 -0.087709 0.088382
3 -2.396885 -0.389550 -0.540594 -0.089049 0.175088
4 -3.191579 -0.447178 -0.734322 -0.132262 0.219921
5 -3.989859 -0.494985 -0.862614 -0.110039 0.330189
6 -4.784793 -0.532487 -0.998721 -0.095631 0.432643
7 -5.582808 -0.567873 -1.146573 -0.092968 0.523351
8 -6.381570 -0.598902 -1.323438 -0.119318 0.585047
9 -7.190623 -0.634485 -1.495196 -0.140561 0.651850
10 -7.987437 -0.654004 -1.617395 -0.112245 0.768212
11 -8.783884 -0.676321 -1.757813 -0.102148 0.866354
12 -9.584012 -0.697543 -1.952451 -0.146271 0.910277
13 -10.383641 -0.718019 -2.055886 -0.099191 1.045402
14 -11.177853 -0.731193 -2.202295 -0.095085 1.137554
15 -11.972113 -0.744004 -2.333639 -0.075914 1.244770
16 -12.768156 -0.759299 -2.514420 -0.106180 1.302550
17 -13.566094 -0.773270 -2.635492 -0.076737 1.420039
18 -14.365150 -0.788056 -2.782929 -0.073659 1.511163
19 -15.157053 -0.795465 -2.925169 -0.065384 1.607483
20 -15.951301 -0.804940 -3.073369 -0.063069 1.697844
21 -16.751078 -0.819167 -3.231780 -0.070965 1.777994
22 -17.556168 -0.836196 -3.433095 -0.121765 1.815239
23 -18.349555 -0.843679 -3.569564 -0.107719 1.917330
24 -19.147080 -0.854120 -3.726981 -0.114621 1.998474
25 -19.925663 -0.844137 -3.935965 -0.173090 2.028051
26 -20.721893 -0.852545 -4.094371 -0.180981 2.108206
27 -21.519536 -0.862355 -4.246543 -0.182638 2.194594
28 -22.311621 -0.867821 -4.349126 -0.134706 2.330571
29 -23.112613 -0.880228 -4.440830 -0.075895 2.477428
30 -23.903466 -0.882106 -4.537168 -0.021718 2.619651
31 -24.702235 -0.892520 -4.647847 0.018118 2.747533
32 -25.498547 -0.900261 -4.756169 0.060311 2.877772
33 -26.295481 -0.909679 -4.923975 0.043020 2.948526
34 -27.098218 -0.923990 -5.065739 0.051771 3.045322
35 -27.895708 -0.932080 -5.187368 0.080657 3.162254
36 -28.688750 -0.936015 -5.310428 0.108112 3.277754
37 -29.486317 -0.943033 -5.494174 0.074881 3.332569
38 -30.299239 -0.964413 -5.646948 0.072622 3.418355
39 -31.092374 -0.967385 -5.796971 0.073114 3.506894
40 -31.894408 -0.977547 -5.995804 0.024796 3.546621
41 -32.691902 -0.982225 -6.178238 -0.007123 3.602748
42 -33.490289 -0.987787 -6.264216 0.057414 3.755330
43 -34.290677 -0.996081 -6.397782 0.074363 3.860325
44 -35.084061 -0.998002 -6.524086 0.098574 3.972582
45 -35.892406 -1.015046 -6.672885 0.100290 4.062344
46 -36.696389 -1.027595 -6.813550 0.110140 4.160239
47 -37.503264 -1.044534 -6.994694 0.079510 4.217655
48 -38.290975 -1.039376 -7.147165 0.077555 4.303745
49 -39.079307 -1.037232 -7.304869 0.070366 4.384602
50 -39.885268 -1.049587 -7.448016 0.077734 4.480015
