step plain4 res4 plain16 res16 plain64 res64
5 0.504668 0.414368 0.477312 0.498977 0.415504 5539.720215
10 0.431126 0.299676 0.436435 0.636487 0.404049 442.631805
15 0.338901 0.209324 0.408798 0.186955 0.388791 12.461657
20 0.237605 0.173249 0.413132 0.168514 0.386961 17.327190
25 0.134658 0.131104 0.410833 0.111353 0.387675 0.832116
30 0.072674 0.089756 0.311657 0.075943 0.387202 1.480715
35 0.045101 0.081562 0.201542 0.058792 0.386502 0.648586
40 0.030573 0.047084 0.091974 0.060392 0.389621 0.501475
45 0.029761 0.040452 0.044528 0.063296 0.391313 0.081870
50 0.016210 0.060813 0.048129 0.032667 0.403171 0.050256
55 0.018577 0.025659 0.072978 0.017681 0.394928 0.068824
60 0.024288 0.020225 0.058561 0.036353 0.375531 0.076864
65 0.017925 0.033389 0.029801 0.137612 0.384735 0.050558
70 0.035433 0.027399 0.022532 0.139217 0.426557 0.040591
75 0.024472 0.035943 0.026027 0.104059 0.384648 0.047165
80 0.015533 0.042249 0.021323 0.098374 0.388674 0.112364
85 0.033119 0.020496 0.029417 0.077276 0.390907 0.118072
90 0.027245 0.026600 0.022709 0.023601 0.385746 0.081286
95 0.017610 0.027528 0.015382 0.006383 0.384087 0.153149
100 0.023411 0.038285 0.020734 0.035013 0.381468 0.068836
105 0.020580 0.030079 0.017695 0.040028 0.385760 0.125124
110 0.028421 0.035952 0.023798 0.040061 0.385531 0.067397
115 0.014980 0.022484 0.021238 0.058437 0.387273 0.026021
120 0.011486 0.029085 0.019744 0.010775 0.393570 0.215450
125 0.013119 0.025602 0.022761 0.018084 0.465674 0.051265
130 0.011681 0.018712 0.015039 0.019764 0.387260 0.033587
135 0.017768 0.018268 0.021263 0.016477 0.385971 0.155367
140 0.012147 0.018456 0.009291 0.013522 0.380619 0.021586
145 0.010369 0.013893 0.016071 0.018641 0.399723 0.019441
150 0.010970 0.010341 0.010581 0.022124 0.419130 0.047521
155 0.007083 0.018597 0.013752 0.007455 0.386493 0.039410
160 0.008849 0.009963 0.010053 0.009632 0.384368 0.093583
165 0.005993 0.009121 0.015260 0.014295 0.380546 0.019197
170 0.007258 0.016132 0.012819 0.010255 0.382101 0.040783
175 0.014689 0.028047 0.021223 0.014263 0.386618 0.081535
180 0.019166 0.022990 0.010029 0.025918 0.388032 0.023004
185 0.033789 0.027531 0.016367 0.017334 0.379186 0.026442
190 0.025210 0.036904 0.018417 0.024463 0.380137 0.018490
195 0.024912 0.027029 0.027183 0.037371 0.392335 0.083653
200 0.023637 0.024258 0.011552 0.030131 0.384351 0.028870
205 0.025113 0.029957 0.017973 0.009236 0.386556 0.039536
210 0.014201 0.036360 0.010892 0.018657 0.382415 0.095896
215 0.016530 0.019369 0.017620 0.030300 0.395651 0.045947
220 0.008193 0.012933 0.009076 0.007718 0.386971 0.031938
225 0.010143 0.007757 0.009855 0.028640 0.380097 0.043874
230 0.006625 0.012215 0.008736 0.011066 0.383295 0.068770
235 0.008901 0.011192 0.011782 0.011266 0.387121 0.028181
240 0.011936 0.016317 0.018035 0.044950 0.387903 0.061622
245 0.009986 0.019105 0.012537 0.027017 0.388776 0.052899
250 0.019163 0.014376 0.016107 0.014136 0.382218 0.034578
255 0.019277 0.069098 0.026663 0.055128 0.384655 0.060378
260 0.025203 0.017483 0.009725 0.052396 0.378996 0.023084
265 0.011491 0.010920 0.016163 0.014369 0.372889 0.092298
270 0.015868 0.010474 0.016012 0.096536 0.376534 0.066252
275 0.016064 0.018993 0.019749 0.062238 0.380268 0.014905
280 0.019214 0.031473 0.016094 0.018953 0.380109 0.084410
285 0.014734 0.009702 0.013245 0.028788 0.381477 0.094348
290 0.014365 0.012144 0.016627 0.023757 0.374962 0.056624
295 0.008295 0.009038 0.014935 0.108770 0.379860 0.088417
300 0.011403 0.017167 0.015574 0.020691 0.386737 0.036835
