lag r05 r09 r15 r30
59 -29.799101 -14.904194 -5.008888 5.234590
58 -29.366427 -14.759024 -5.088727 4.949538
57 -28.826890 -14.533772 -5.107066 4.797431
56 -28.284303 -14.276739 -5.100279 4.697705
55 -27.798198 -14.036321 -5.115981 4.771979
54 -27.287943 -13.772756 -5.075798 4.746198
53 -26.769840 -13.569139 -5.012327 4.523272
52 -26.282645 -13.361212 -4.902743 4.309606
51 -25.596169 -12.969661 -4.747633 4.171725
50 -25.061025 -12.692740 -4.576366 4.157078
49 -24.509690 -12.343725 -4.412169 4.158598
48 -24.040822 -12.104773 -4.246730 3.989067
47 -23.487360 -11.832191 -4.213103 3.891458
46 -22.934031 -11.608624 -4.120375 3.759136
45 -22.401227 -11.387646 -4.051915 3.737717
44 -21.908787 -11.196930 -4.028309 3.635932
43 -21.374199 -10.912580 -3.880975 3.815764
42 -20.862934 -10.679053 -3.750520 3.603623
41 -20.375793 -10.401478 -3.658610 3.493280
40 -19.991630 -10.205233 -3.505405 3.344024
39 -19.467301 -9.892625 -3.341773 3.163999
38 -18.943242 -9.645070 -3.300359 3.029799
37 -18.564874 -9.524624 -3.280815 2.950419
36 -18.193082 -9.413850 -3.273485 2.868644
35 -17.652364 -9.084669 -3.234689 2.822924
34 -17.194314 -8.868017 -3.184237 2.752814
33 -16.692359 -8.681316 -2.995394 2.941523
32 -16.238673 -8.417166 -2.966656 2.916558
31 -15.787844 -8.201224 -2.732376 2.907501
30 -15.227769 -7.922081 -2.653450 3.015411
29 -14.695222 -7.665189 -2.571523 2.952652
28 -14.228100 -7.428044 -2.507315 2.856265
27 -13.752611 -7.120426 -2.321951 2.758878
26 -13.246684 -6.897953 -2.182340 2.684452
25 -12.667592 -6.658898 -2.104984 2.604266
24 -12.146620 -6.256118 -2.013542 2.435410
23 -11.671665 -6.008847 -1.782830 2.331498
22 -11.132967 -5.681870 -1.657707 2.135910
21 -10.648700 -5.443107 -1.524991 2.100048
20 -10.128896 -5.173146 -1.411350 1.995471
19 -9.576229 -4.922047 -1.352593 1.910308
18 -9.083998 -4.617715 -1.255920 1.763260
17 -8.488627 -4.284453 -1.146083 1.728319
16 -7.962525 -3.981423 -1.098870 1.574417
15 -7.515692 -3.789381 -1.077826 1.408191
14 -6.990383 -3.582545 -1.072508 1.282858
13 -6.533755 -3.371722 -1.040716 1.271086
12 -6.014688 -3.091634 -0.959708 1.300539
11 -5.474963 -2.803143 -0.917630 1.110294
10 -5.106170 -2.619813 -0.845294 0.929979
9 -4.524897 -2.351461 -0.770151 0.807567
8 -4.098590 -2.136987 -0.739162 0.667969
7 -3.553279 -1.824238 -0.531258 0.511863
6 -2.989592 -1.536695 -0.463483 0.394902
5 -2.480247 -1.301102 -0.404048 0.395146
4 -2.002469 -1.067029 -0.375911 0.362658
3 -1.485738 -0.802366 -0.257068 0.277184
2 -0.863705 -0.419259 -0.120792 0.166294
1 -0.375688 -0.148153 0.003608 0.156771
0 0.000000 0.000000 0.000000 0.000000
