pos dim v
0 0 0.000000
0 1 1.000000
0 2 0.000000
0 3 1.000000
0 4 0.000000
0 5 1.000000
0 6 0.000000
0 7 1.000000
0 8 0.000000
0 9 1.000000
0 10 0.000000
0 11 1.000000
0 12 0.000000
0 13 1.000000
0 14 0.000000
0 15 1.000000
0 16 0.000000
0 17 1.000000
0 18 0.000000
0 19 1.000000
0 20 0.000000
0 21 1.000000
0 22 0.000000
0 23 1.000000
0 24 0.000000
0 25 1.000000
0 26 0.000000
0 27 1.000000
0 28 0.000000
0 29 1.000000
0 30 0.000000
0 31 1.000000
1 0 0.841471
1 1 0.540302
1 2 0.533168
1 3 0.846009
1 4 0.310984
1 5 0.950415
1 6 0.176892
1 7 0.984230
1 8 0.099833
1 9 0.995004
1 10 0.056204
1 11 0.998419
1 12 0.031618
1 13 0.999500
1 14 0.017782
1 15 0.999842
1 16 0.010000
1 17 0.999950
1 18 0.005623
1 19 0.999984
1 20 0.003162
1 21 0.999995
1 22 0.001778
1 23 0.999998
1 24 0.001000
1 25 1.000000
1 26 0.000562
1 27 1.000000
1 28 0.000316
1 29 1.000000
1 30 0.000178
1 31 1.000000
2 0 0.909297
2 1 -0.416147
2 2 0.902131
2 3 0.431463
2 4 0.591127
2 5 0.806578
2 6 0.348205
2 7 0.937418
2 8 0.198669
2 9 0.980067
2 10 0.112231
2 11 0.993682
2 12 0.063203
2 13 0.998001
2 14 0.035558
2 15 0.999368
2 16 0.019999
2 17 0.999800
2 18 0.011247
2 19 0.999937
2 20 0.006325
2 21 0.999980
2 22 0.003557
2 23 0.999994
2 24 0.002000
2 25 0.999998
2 26 0.001125
2 27 0.999999
2 28 0.000632
2 29 1.000000
2 30 0.000356
2 31 1.000000
3 0 0.141120
3 1 -0.989992
3 2 0.993253
3 3 -0.115966
3 4 0.812649
3 5 0.582754
3 6 0.508536
3 7 0.861041
3 8 0.295520
3 9 0.955336
3 10 0.167903
3 11 0.985803
3 12 0.094726
3 13 0.995503
3 14 0.053323
3 15 0.998577
3 16 0.029996
3 17 0.999550
3 18 0.016869
3 19 0.999858
3 20 0.009487
3 21 0.999955
3 22 0.005335
3 23 0.999986
3 24 0.003000
3 25 0.999996
3 26 0.001687
3 27 0.999999
3 28 0.000949
3 29 1.000000
3 30 0.000533
3 31 1.000000
4 0 -0.756802
4 1 -0.653644
4 2 0.778472
4 3 -0.627680
4 4 0.953581
4 5 0.301137
4 6 0.652828
4 7 0.757506
4 8 0.389418
4 9 0.921061
4 10 0.223044
4 11 0.974808
4 12 0.126154
4 13 0.992011
4 14 0.071071
4 15 0.997471
4 16 0.039989
4 17 0.999200
4 18 0.022492
4 19 0.999747
4 20 0.012649
4 21 0.999920
4 22 0.007113
4 23 0.999975
4 24 0.004000
4 25 0.999992
4 26 0.002249
4 27 0.999997
4 28 0.001265
4 29 0.999999
4 30 0.000711
4 31 1.000000
5 0 -0.958924
5 1 0.283662
5 2 0.323935
5 3 -0.946079
5 4 0.999947
5 5 -0.010342
5 6 0.776530
5 7 0.630080
5 8 0.479426
5 9 0.877583
5 10 0.277481
5 11 0.960731
5 12 0.157456
5 13 0.987526
5 14 0.088797
5 15 0.996050
5 16 0.049979
5 17 0.998750
5 18 0.028113
5 19 0.999605
5 20 0.015811
5 21 0.999875
5 22 0.008891
5 23 0.999960
5 24 0.005000
5 25 0.999988
5 26 0.002812
5 27 0.999996
5 28 0.001581
5 29 0.999999
5 30 0.000889
5 31 1.000000
6 0 -0.279415
6 1 0.960170
6 2 -0.230367
6 3 -0.973104
6 4 0.947148
6 5 -0.320796
6 6 0.875741
6 7 0.482782
6 8 0.564642
6 9 0.825336
6 10 0.331039
6 11 0.943617
6 12 0.188600
6 13 0.982054
6 14 0.106494
6 15 0.994313
6 16 0.059964
6 17 0.998201
6 18 0.033734
6 19 0.999431
6 20 0.018973
6 21 0.999820
6 22 0.010669
6 23 0.999943
6 24 0.006000
6 25 0.999982
6 26 0.003374
6 27 0.999994
6 28 0.001897
6 29 0.999998
6 30 0.001067
6 31 0.999999
7 0 0.656987
7 1 0.753902
7 2 -0.713721
7 3 -0.700430
7 4 0.800422
7 5 -0.599437
7 6 0.947331
7 7 0.320257
7 8 0.644218
7 9 0.764842
7 10 0.383552
7 11 0.923519
7 12 0.219556
7 13 0.975600
7 14 0.124158
7 15 0.992262
7 16 0.069943
7 17 0.997551
7 18 0.039354
7 19 0.999225
7 20 0.022134
7 21 0.999755
7 22 0.012448
7 23 0.999923
7 24 0.007000
7 25 0.999976
7 26 0.003936
7 27 0.999992
7 28 0.002214
7 29 0.999998
7 30 0.001245
7 31 0.999999
8 0 0.989358
8 1 -0.145500
8 2 -0.977262
8 3 -0.212037
8 4 0.574318
8 5 -0.818632
8 6 0.989042
8 7 0.147631
8 8 0.717356
8 9 0.696707
8 10 0.434851
8 11 0.900502
8 12 0.250292
8 13 0.968170
8 14 0.141783
8 15 0.989898
8 16 0.079915
8 17 0.996802
8 18 0.044972
8 19 0.998988
8 20 0.025296
8 21 0.999680
8 22 0.014226
8 23 0.999899
8 24 0.008000
8 25 0.999968
8 26 0.004499
8 27 0.999990
8 28 0.002530
8 29 0.999997
8 30 0.001423
8 31 0.999999
9 0 0.412118
9 1 -0.911130
9 2 -0.939824
9 3 0.341660
9 4 0.291259
9 5 -0.956644
9 6 0.999560
9 7 -0.029651
9 8 0.783327
9 9 0.621610
9 10 0.484776
9 11 0.874638
9 12 0.280778
9 13 0.959773
9 14 0.159363
9 15 0.987220
9 16 0.089879
9 17 0.995953
9 18 0.050589
9 19 0.998720
9 20 0.028457
9 21 0.999595
9 22 0.016004
9 23 0.999872
9 24 0.009000
9 25 0.999960
9 26 0.005061
9 27 0.999987
9 28 0.002846
9 29 0.999996
9 30 0.001600
9 31 0.999999
10 0 -0.544021
10 1 -0.839072
10 2 -0.612937
10 3 0.790132
10 4 -0.020684
10 5 -0.999786
10 6 0.978552
10 7 -0.205998
10 8 0.841471
10 9 0.540302
10 10 0.533168
10 11 0.846009
10 12 0.310984
10 13 0.950415
10 14 0.176892
10 15 0.984230
10 16 0.099833
10 17 0.995004
10 18 0.056204
10 19 0.998419
10 20 0.031618
10 21 0.999500
10 22 0.017782
10 23 0.999842
10 24 0.010000
10 25 0.999950
10 26 0.005623
10 27 0.999984
10 28 0.003162
10 29 0.999995
10 30 0.001778
10 31 0.999998
11 0 -0.999990
11 1 0.004426
11 2 -0.097277
11 3 0.995257
11 4 -0.330575
11 5 -0.943780
11 6 0.926682
11 7 -0.375847
11 8 0.891207
11 9 0.453596
11 10 0.579875
11 11 0.814705
11 12 0.340878
11 13 0.940108
11 14 0.194366
11 15 0.980929
11 16 0.109778
11 17 0.993956
11 18 0.061818
11 19 0.998087
11 20 0.034778
11 21 0.999395
11 22 0.019560
11 23 0.999809
11 24 0.011000
11 25 0.999940
11 26 0.006186
11 27 0.999981
11 28 0.003478
11 29 0.999994
11 30 0.001956
11 31 0.999998
12 0 -0.536573
12 1 0.843854
12 2 0.448343
12 3 0.893862
12 4 -0.607684
12 5 -0.794179
12 6 0.845584
12 7 -0.533843
12 8 0.932039
12 9 0.362358
12 10 0.624749
12 11 0.780826
12 12 0.370431
12 13 0.928860
12 14 0.211778
12 15 0.977318
12 16 0.119712
12 17 0.992809
12 18 0.067430
12 19 0.997724
12 20 0.037938
12 21 0.999280
12 22 0.021338
12 23 0.999772
12 24 0.012000
12 25 0.999928
12 26 0.006748
12 27 0.999977
12 28 0.003795
12 29 0.999993
12 30 0.002134
12 31 0.999998
13 0 0.420167
13 1 0.907447
13 2 0.855881
13 3 0.517173
13 4 -0.824528
13 5 -0.565820
13 6 0.737816
13 7 -0.675002
13 8 0.963558
13 9 0.267499
13 10 0.667647
13 11 0.744478
13 12 0.399614
13 13 0.916683
13 14 0.229123
13 15 0.973398
13 16 0.129634
13 17 0.991562
13 18 0.073039
13 19 0.997329
13 20 0.041098
13 21 0.999155
13 22 0.023116
13 23 0.999733
13 24 0.013000
13 25 0.999916
13 26 0.007310
13 27 0.999973
13 28 0.004111
13 29 0.999992
13 30 0.002312
13 31 0.999997
14 0 0.990607
14 1 0.136737
14 2 0.999823
14 3 -0.018796
14 4 -0.959605
14 5 -0.281350
14 6 0.606779
14 7 -0.794871
14 8 0.985450
14 9 0.169967
14 10 0.708435
14 11 0.705776
14 12 0.428398
14 13 0.903590
14 14 0.246395
14 15 0.969169
14 16 0.139543
14 17 0.990216
14 18 0.078646
14 19 0.996903
14 20 0.044257
14 21 0.999020
14 22 0.024893
14 23 0.999690
14 24 0.014000
14 25 0.999902
14 26 0.007873
14 27 0.999969
14 28 0.004427
14 29 0.999990
14 30 0.002490
14 31 0.999997
15 0 0.650288
15 1 -0.759688
15 2 0.835838
15 3 -0.548976
15 4 -0.999519
15 5 0.031023
15 6 0.456603
15 7 -0.889670
15 8 0.997495
15 9 0.070737
15 10 0.746983
15 11 0.664844
15 12 0.456753
15 13 0.889594
15 14 0.263590
15 15 0.964635
15 16 0.149438
15 17 0.988771
15 18 0.084251
15 19 0.996445
15 20 0.047416
15 21 0.998875
15 22 0.026671
15 23 0.999644
15 24 0.014999
15 25 0.999888
15 26 0.008435
15 27 0.999964
15 28 0.004743
15 29 0.999989
15 30 0.002667
15 31 0.999996
16 0 -0.287903
16 1 -0.957659
16 2 0.414430
16 3 -0.910081
16 4 -0.940310
16 5 0.340318
16 6 0.292027
16 7 -0.956410
16 8 0.999574
16 9 -0.029200
16 10 0.783169
16 11 0.621809
16 12 0.484651
16 13 0.874707
16 14 0.280701
16 15 0.959795
16 16 0.159318
16 17 0.987227
16 18 0.089853
16 19 0.995955
16 20 0.050575
16 21 0.998720
16 22 0.028449
16 23 0.999595
16 24 0.015999
16 25 0.999872
16 26 0.008997
16 27 0.999960
16 28 0.005060
16 29 0.999987
16 30 0.002845
16 31 0.999996
17 0 -0.961397
17 1 -0.275163
17 2 -0.134615
17 3 -0.990898
17 4 -0.787852
17 5 0.615865
17 6 0.118240
17 7 -0.992985
17 8 0.991665
17 9 -0.128844
17 10 0.816880
17 11 0.576808
17 12 0.512065
17 13 0.858947
17 14 0.297724
17 15 0.954652
17 16 0.169182
17 17 0.985585
17 18 0.095452
17 19 0.995434
17 20 0.053733
17 21 0.998555
17 22 0.030226
17 23 0.999543
17 24 0.016999
17 25 0.999856
17 26 0.009560
17 27 0.999954
17 28 0.005376
17 29 0.999986
17 30 0.003023
17 31 0.999995
18 0 -0.750987
18 1 0.660317
18 2 -0.642201
18 3 -0.766536
18 4 -0.557263
18 5 0.830336
18 6 -0.059276
18 7 -0.998242
18 8 0.973848
18 9 -0.227202
18 10 0.848008
18 11 0.529984
18 12 0.538967
18 13 0.842327
18 14 0.314652
18 15 0.949207
18 16 0.179030
18 17 0.983844
18 18 0.101049
18 19 0.994881
18 20 0.056890
18 21 0.998380
18 22 0.032004
18 23 0.999488
18 24 0.017999
18 25 0.999838
18 26 0.010122
18 27 0.999949
18 28 0.005692
18 29 0.999984
18 30 0.003201
18 31 0.999995
19 0 0.149877
19 1 0.988705
19 2 -0.952001
19 3 -0.306096
19 4 -0.271410
19 5 0.962464
19 6 -0.234922
19 7 -0.972014
19 8 0.946300
19 9 -0.323290
19 10 0.876455
19 11 0.481485
19 12 0.565330
19 13 0.824865
19 14 0.331481
19 15 0.943462
19 16 0.188859
19 17 0.982004
19 18 0.106642
19 19 0.994298
19 20 0.060047
19 21 0.998196
19 22 0.033781
19 23 0.999429
19 24 0.018999
19 25 0.999820
19 26 0.010684
19 27 0.999943
19 28 0.006008
19 29 0.999982
19 30 0.003379
19 31 0.999994
20 0 0.912945
20 1 0.408082
20 2 -0.968602
20 3 0.248617
20 4 0.041358
20 5 0.999144
20 6 -0.403159
20 7 -0.915130
20 8 0.909297
20 9 -0.416147
20 10 0.902131
20 11 0.431463
20 12 0.591127
20 13 0.806578
20 14 0.348205
20 15 0.937418
20 16 0.198669
20 17 0.980067
20 18 0.112231
20 19 0.993682
20 20 0.063203
20 21 0.998001
20 22 0.035558
20 23 0.999368
20 24 0.019999
20 25 0.999800
20 26 0.011247
20 27 0.999937
20 28 0.006325
20 29 0.999980
20 30 0.003557
20 31 0.999994
21 0 0.836656
21 1 -0.547729
21 2 -0.686891
21 3 0.726760
21 4 0.350025
21 5 0.936740
21 6 -0.558681
21 7 -0.829383
21 8 0.863209
21 9 -0.504846
21 10 0.924955
21 11 0.380077
21 12 0.616334
21 13 0.787485
21 14 0.364819
21 15 0.931078
21 16 0.208460
21 17 0.978031
21 18 0.117817
21 19 0.993035
21 20 0.066359
21 21 0.997796
21 22 0.037335
21 23 0.999303
21 24 0.020998
21 25 0.999780
21 26 0.011809
21 27 0.999930
21 28 0.006641
21 29 0.999978
21 30 0.003734
21 31 0.999993
22 0 -0.008851
22 1 -0.999961
22 2 -0.193631
22 3 0.981075
22 4 0.623980
22 5 0.781440
22 6 -0.696582
22 7 -0.717478
22 8 0.808496
22 9 -0.588501
22 10 0.944855
22 11 0.327490
22 12 0.640924
22 13 0.767605
22 14 0.381318
22 15 0.924444
22 16 0.218230
22 17 0.975897
22 18 0.123400
22 19 0.992357
22 20 0.069514
22 21 0.997581
22 22 0.039112
22 23 0.999235
22 24 0.021998
22 25 0.999758
22 26 0.012371
22 27 0.999923
22 28 0.006957
22 29 0.999976
22 30 0.003912
22 31 0.999992
23 0 -0.846220
23 1 -0.532833
23 2 0.359265
23 3 0.933236
23 4 0.836055
23 5 0.548645
23 6 -0.812513
23 7 -0.582943
23 8 0.745705
23 9 -0.666276
23 10 0.961768
23 11 0.273867
23 12 0.664873
23 13 0.746956
23 14 0.397696
23 15 0.917517
23 16 0.227978
23 17 0.973666
23 18 0.128978
23 19 0.991647
23 20 0.072668
23 21 0.997356
23 22 0.040889
23 23 0.999164
23 24 0.022998
23 25 0.999736
23 26 0.012933
23 27 0.999916
23 28 0.007273
23 29 0.999974
23 30 0.004090
23 31 0.999992
24 0 -0.905578
24 1 0.424179
24 2 0.801513
24 3 0.597977
24 4 0.965219
24 5 0.261441
24 6 -0.902818
24 7 -0.430023
24 8 0.675463
24 9 -0.737394
24 10 0.975640
24 11 0.219378
24 12 0.688158
24 13 0.725561
24 14 0.413948
24 15 0.910300
24 16 0.237703
24 17 0.971338
24 18 0.134553
24 19 0.990906
24 20 0.075822
24 21 0.997121
24 22 0.042666
24 23 0.999089
24 24 0.023998
24 25 0.999712
24 26 0.013496
24 27 0.999909
24 28 0.007589
24 29 0.999971
24 30 0.004268
24 31 0.999991
25 0 -0.132352
25 1 0.991203
25 2 0.996910
25 3 0.078553
25 4 0.998663
25 5 -0.051689
25 6 -0.964648
25 7 -0.263540
25 8 0.598472
25 9 -0.801144
25 10 0.986428
25 11 0.164196
25 12 0.710754
25 13 0.703441
25 14 0.430070
25 15 0.902796
25 16 0.247404
25 17 0.968912
25 18 0.140123
25 19 0.990134
25 20 0.078975
25 21 0.996877
25 22 0.044442
25 23 0.999012
25 24 0.024997
25 25 0.999688
25 26 0.014058
25 27 0.999901
25 28 0.007906
25 29 0.999969
25 30 0.004446
25 31 0.999990
26 0 0.762558
26 1 0.646919
26 2 0.885277
26 3 -0.465065
26 4 0.933070
26 5 -0.359694
26 6 -0.996054
26 7 -0.088746
26 8 0.515501
26 9 -0.856889
26 10 0.994097
26 11 0.108495
26 12 0.732640
26 13 0.680617
26 14 0.446055
26 15 0.895006
26 16 0.257081
26 17 0.966390
26 18 0.145688
26 19 0.989331
26 20 0.082127
26 21 0.996622
26 22 0.046219
26 23 0.998931
26 24 0.025997
26 25 0.999662
26 26 0.014620
26 27 0.999893
26 28 0.008222
26 29 0.999966
26 30 0.004624
26 31 0.999989
27 0 0.956376
27 1 -0.292139
27 2 0.500994
27 3 -0.865450
27 4 0.774945
27 5 -0.632029
27 6 -0.996045
27 7 0.088848
27 8 0.427380
27 9 -0.904072
27 10 0.998624
27 11 0.052451
27 12 0.753793
27 13 0.657112
27 14 0.461899
27 15 0.886932
27 16 0.266731
27 17 0.963771
27 18 0.151249
27 19 0.988496
27 20 0.085278
27 21 0.996357
27 22 0.047995
27 23 0.998848
27 24 0.026997
27 25 0.999636
27 26 0.015183
27 27 0.999885
27 28 0.008538
27 29 0.999964
27 30 0.004801
27 31 0.999988
28 0 0.270906
28 1 -0.962606
28 2 -0.037585
28 3 -0.999293
28 4 0.539969
28 5 -0.841685
28 6 -0.964621
28 7 0.263640
28 8 0.334988
28 9 -0.942222
28 10 0.999993
28 11 -0.003759
28 12 0.774192
28 13 0.632951
28 14 0.477598
28 15 0.878579
28 16 0.276356
28 17 0.961055
28 18 0.156806
28 19 0.987629
28 20 0.088428
28 21 0.996083
28 22 0.049771
28 23 0.998761
28 24 0.027996
28 25 0.999608
28 26 0.015745
28 27 0.999876
28 28 0.008854
28 29 0.999961
28 30 0.004979
28 31 0.999988
29 0 -0.663634
29 1 -0.748058
29 2 -0.564589
29 3 -0.825372
29 4 0.251445
29 5 -0.967872
29 6 -0.902774
29 7 0.430116
29 8 0.239249
29 9 -0.970958
29 10 0.998201
29 11 -0.059958
29 12 0.793817
29 13 0.608156
29 14 0.493145
29 15 0.869947
29 16 0.285952
29 17 0.958244
29 18 0.162357
29 19 0.986732
29 20 0.091578
29 21 0.995798
29 22 0.051547
29 23 0.998671
29 24 0.028996
29 25 0.999580
29 26 0.016307
29 27 0.999867
29 28 0.009170
29 29 0.999958
29 30 0.005157
29 31 0.999987
30 0 -0.988032
30 1 0.154251
30 2 -0.917710
30 3 -0.397251
30 4 -0.062015
30 5 -0.998075
30 6 -0.812453
30 7 0.583027
30 8 0.141120
30 9 -0.989992
30 10 0.993253
30 11 -0.115966
30 12 0.812649
30 13 0.582754
30 14 0.508536
30 15 0.861041
30 16 0.295520
30 17 0.955336
30 18 0.167903
30 19 0.985803
30 20 0.094726
30 21 0.995503
30 22 0.053323
30 23 0.998577
30 24 0.029996
30 25 0.999550
30 26 0.016869
30 27 0.999858
30 28 0.009487
30 29 0.999955
30 30 0.005335
30 31 0.999986
31 0 -0.404038
31 1 0.914742
31 2 -0.988193
31 3 0.153216
31 4 -0.369325
31 5 -0.929300
31 6 -0.696508
31 7 0.717549
31 8 0.041581
31 9 -0.999135
31 10 0.985165
31 11 -0.171608
31 12 0.830668
31 13 0.556768
31 14 0.523767
31 15 0.851862
31 16 0.305059
31 17 0.952334
31 18 0.173444
31 19 0.984844
31 20 0.097874
31 21 0.995199
31 22 0.055099
31 23 0.998481
31 24 0.030995
31 25 0.999520
31 26 0.017432
31 27 0.999848
31 28 0.009803
31 29 0.999952
31 30 0.005513
31 31 0.999985
32 0 0.551427
32 1 0.834223
32 2 -0.754330
32 3 0.656495
32 4 -0.640009
32 5 -0.768367
32 6 -0.558595
32 7 0.829440
32 8 -0.058374
32 9 -0.998295
32 10 0.973963
32 11 -0.226708
32 12 0.847856
32 13 0.530226
32 14 0.538832
32 15 0.842414
32 16 0.314567
32 17 0.949235
32 18 0.178980
32 19 0.983853
32 20 0.101020
32 21 0.994884
32 22 0.056874
32 23 0.998381
32 24 0.031995
32 25 0.999488
32 26 0.017994
32 27 0.999838
32 28 0.010119
32 29 0.999949
32 30 0.005690
32 31 0.999984
33 0 0.999912
33 1 -0.013277
33 2 -0.288148
33 3 0.957586
33 4 -0.847224
33 5 -0.531235
33 6 -0.403065
33 7 0.915171
33 8 -0.157746
33 9 -0.987480
33 10 0.959681
33 11 -0.281090
33 12 0.864197
33 13 0.503154
33 14 0.553726
33 15 0.832699
33 16 0.324043
33 17 0.946042
33 18 0.184509
33 19 0.982831
33 20 0.104166
33 21 0.994560
33 22 0.058650
33 23 0.998279
33 24 0.032994
33 25 0.999456
33 26 0.018556
33 27 0.999828
33 28 0.010435
33 29 0.999946
33 30 0.005868
33 31 0.999983
34 0 0.529083
34 1 -0.848570
34 2 0.266779
34 3 0.963758
34 4 -0.970420
34 5 -0.241421
34 6 -0.234822
34 7 0.972038
34 8 -0.255541
34 9 -0.966798
34 10 0.942366
34 11 -0.334584
34 12 0.879673
34 13 0.475579
34 14 0.568445
34 15 0.822721
34 16 0.333487
34 17 0.942755
34 18 0.190033
34 19 0.981778
34 20 0.107310
34 21 0.994226
34 22 0.060425
34 23 0.998173
34 24 0.033993
34 25 0.999422
34 26 0.019118
34 27 0.999817
34 28 0.010752
34 29 0.999942
34 30 0.006046
34 31 0.999982
35 0 -0.428183
35 1 -0.903692
35 2 0.739543
35 3 0.673110
35 4 -0.997380
35 5 0.072334
35 6 -0.059173
35 7 0.998248
35 8 -0.350783
35 9 -0.936457
35 10 0.922071
35 11 -0.387021
35 12 0.894270
35 13 0.447528
35 14 0.582985
35 15 0.812483
35 16 0.342898
35 17 0.939373
35 18 0.195551
35 19 0.980693
35 20 0.110454
35 21 0.993881
35 22 0.062200
35 23 0.998064
35 24 0.034993
35 25 0.999388
35 26 0.019681
35 27 0.999806
35 28 0.011068
35 29 0.999939
35 30 0.006224
35 31 0.999981
36 0 -0.991779
36 1 -0.127964
36 2 0.984541
36 3 0.175156
36 4 -0.925431
36 5 0.378917
36 6 0.118343
36 7 0.992973
36 8 -0.442520
36 9 -0.896758
36 10 0.898861
36 11 -0.438233
36 12 0.907973
36 13 0.419030
36 14 0.597340
36 15 0.801988
36 16 0.352274
36 17 0.935897
36 18 0.201063
36 19 0.979578
36 20 0.113596
36 21 0.993527
36 22 0.063974
36 23 0.997952
36 24 0.035992
36 25 0.999352
36 26 0.020243
36 27 0.999795
36 28 0.011384
36 29 0.999935
36 30 0.006402
36 31 0.999980
37 0 -0.643538
37 1 0.765414
37 2 0.926318
37 3 -0.376742
37 4 -0.761707
37 5 0.647922
37 6 0.292125
37 7 0.956380
37 8 -0.529836
37 9 -0.848100
37 10 0.872810
37 11 -0.488061
37 12 0.920767
37 13 0.390112
37 14 0.611507
37 15 0.791239
37 16 0.361615
37 17 0.932327
37 18 0.206568
37 19 0.978432
37 20 0.116737
37 21 0.993163
37 22 0.065749
37 23 0.997836
37 24 0.036992
37 25 0.999316
37 26 0.020805
37 27 0.999784
37 28 0.011700
37 29 0.999932
37 30 0.006580
37 31 0.999978
38 0 0.296369
38 1 0.955074
38 2 0.582807
38 3 -0.812611
38 4 -0.522445
38 5 0.852673
38 6 0.456695
38 7 0.889623
38 8 -0.611858
38 9 -0.790968
38 10 0.843999
38 11 -0.536345
38 12 0.932641
38 13 0.360805
38 14 0.625480
38 15 0.780240
38 16 0.370920
38 17 0.928665
38 18 0.212067
38 19 0.977255
38 20 0.119878
38 21 0.992789
38 22 0.067523
38 23 0.997718
38 24 0.037991
38 25 0.999278
38 26 0.021367
38 27 0.999772
38 28 0.012016
38 29 0.999928
38 30 0.006757
38 31 0.999977
39 0 0.963795
39 1 0.266643
39 2 0.059801
39 3 -0.998210
39 4 -0.231372
39 5 0.972865
39 6 0.606860
39 7 0.794808
39 8 -0.687766
39 9 -0.725932
39 10 0.812520
39 11 -0.582934
39 12 0.943583
39 13 0.331137
39 14 0.639255
39 15 0.768995
39 16 0.380188
39 17 0.924909
39 18 0.217559
39 19 0.976047
39 20 0.123016
39 21 0.992405
39 22 0.069297
39 23 0.997596
39 24 0.038990
39 25 0.999240
39 26 0.021930
39 27 0.999760
39 28 0.012333
39 29 0.999924
39 30 0.006935
39 31 0.999976
40 0 0.745113
40 1 -0.666938
40 2 -0.481622
40 3 -0.876379
40 4 0.082646
40 5 0.996579
40 6 0.737886
40 7 0.674926
40 8 -0.756802
40 9 -0.653644
40 10 0.778472
40 11 -0.627680
40 12 0.953581
40 13 0.301137
40 14 0.652828
40 15 0.757506
40 16 0.389418
40 17 0.921061
40 18 0.223044
40 19 0.974808
40 20 0.126154
40 21 0.992011
40 22 0.071071
40 23 0.997471
40 24 0.039989
40 25 0.999200
40 26 0.022492
40 27 0.999747
40 28 0.012649
40 29 0.999920
40 30 0.007113
40 31 0.999975
41 0 -0.158623
41 1 -0.987339
41 2 -0.874714
41 3 -0.484639
41 4 0.388467
41 5 0.921462
41 6 0.845638
41 7 0.533756
41 8 -0.818277
41 9 -0.574824
41 10 0.741963
41 11 -0.670441
41 12 0.962625
41 13 0.270837
41 14 0.666195
41 15 0.745778
41 16 0.398609
41 17 0.917121
41 18 0.228523
41 19 0.973539
41 20 0.129290
41 21 0.991607
41 22 0.072845
41 23 0.997343
41 24 0.040989
41 25 0.999160
41 26 0.023054
41 27 0.999734
41 28 0.012965
41 29 0.999916
41 30 0.007291
41 31 0.999973
42 0 -0.916522
42 1 -0.399985
42 2 -0.998410
42 3 0.056361
42 4 0.655765
42 5 0.754965
42 6 0.926720
42 7 0.375752
42 8 -0.871576
42 9 -0.490261
42 10 0.703108
42 11 -0.711083
42 12 0.970707
42 13 0.240266
42 14 0.679351
42 15 0.733814
42 16 0.407760
42 17 0.913089
42 18 0.233994
42 19 0.972238
42 20 0.132426
42 21 0.991193
42 22 0.074618
42 23 0.997212
42 24 0.041988
42 25 0.999118
42 26 0.023616
42 27 0.999721
42 28 0.013281
42 29 0.999912
42 30 0.007469
42 31 0.999972
43 0 -0.831775
43 1 0.555113
43 2 -0.814615
43 3 0.580003
43 4 0.858031
43 5 0.513598
43 6 0.978574
43 7 0.205897
43 8 -0.916166
43 9 -0.400799
43 10 0.662031
43 11 -0.749477
43 12 0.977818
43 13 0.209454
43 14 0.692292
43 15 0.721618
43 16 0.416871
43 17 0.908966
43 18 0.239457
43 19 0.970907
43 20 0.135559
43 21 0.990769
43 22 0.076392
43 23 0.997078
43 24 0.042987
43 25 0.999076
43 26 0.024178
43 27 0.999708
43 28 0.013597
43 29 0.999908
43 30 0.007647
43 31 0.999971
44 0 0.017702
44 1 0.999843
44 2 -0.379932
44 3 0.925014
44 4 0.975206
44 5 0.221298
44 6 0.999563
44 7 0.029548
44 8 -0.951602
44 9 -0.307333
44 10 0.618860
44 11 -0.785501
44 12 0.983952
44 13 0.178433
44 14 0.705014
44 15 0.709193
44 16 0.425939
44 17 0.904752
44 18 0.244913
44 19 0.969545
44 20 0.138692
44 21 0.990336
44 22 0.078164
44 23 0.996940
44 24 0.043986
44 25 0.999032
44 26 0.024740
44 27 0.999694
44 28 0.013914
44 29 0.999903
44 30 0.007824
44 31 0.999969
45 0 0.850904
45 1 0.525322
45 2 0.171762
45 3 0.985138
45 4 0.995671
45 5 -0.092948
45 6 0.989027
45 7 -0.147733
45 8 -0.977530
45 9 -0.210796
45 10 0.573733
45 11 -0.819042
45 12 0.989102
45 13 0.147234
45 14 0.717513
45 15 0.696545
45 16 0.434966
45 17 0.900447
45 18 0.250361
45 19 0.968152
45 20 0.141823
45 21 0.989892
45 22 0.079937
45 23 0.996800
45 24 0.044985
45 25 0.998988
45 26 0.025303
45 27 0.999680
45 28 0.014230
45 29 0.999899
45 30 0.008002
45 31 0.999968
46 0 0.901788
46 1 -0.432178
46 2 0.670557
46 3 0.741858
46 4 0.917396
46 5 -0.397977
46 6 0.947298
46 7 -0.320354
46 8 -0.993691
46 9 -0.112153
46 10 0.526792
46 11 -0.849994
46 12 0.993262
46 13 0.115888
46 14 0.729786
46 15 0.683676
46 16 0.443948
46 17 0.896052
46 18 0.255802
46 19 0.966729
46 20 0.144952
46 21 0.989439
46 22 0.081710
46 23 0.996656
46 24 0.045984
46 25 0.998942
46 26 0.025865
46 27 0.999665
46 28 0.014546
46 29 0.999894
46 30 0.008180
46 31 0.999967
47 0 0.123573
47 1 -0.992335
47 2 0.962833
47 3 0.270098
47 4 0.748143
47 5 -0.663538
47 6 0.875691
47 7 -0.482872
47 8 -0.999923
47 9 -0.012389
47 10 0.478186
47 11 -0.878258
47 12 0.996430
47 13 0.084425
47 14 0.741827
47 15 0.670591
47 16 0.452886
47 17 0.891568
47 18 0.261234
47 19 0.965275
47 20 0.148080
47 21 0.988975
47 22 0.083482
47 23 0.996509
47 24 0.046983
47 25 0.998896
47 26 0.026427
47 27 0.999651
47 28 0.014862
47 29 0.999890
47 30 0.008358
47 31 0.999965
48 0 -0.768255
48 1 -0.640144
48 2 0.958573
48 3 -0.284846
48 4 0.504697
48 5 -0.863297
48 6 0.776465
48 7 -0.630160
48 8 -0.996165
48 9 0.087499
48 10 0.428068
48 11 -0.903746
48 12 0.998601
48 13 0.052878
48 14 0.753634
48 15 0.657294
48 16 0.461779
48 17 0.886995
48 18 0.266658
48 19 0.963791
48 20 0.151207
48 21 0.988502
48 22 0.085254
48 23 0.996359
48 24 0.047982
48 25 0.998848
48 26 0.026989
48 27 0.999636
48 28 0.015178
48 29 0.999885
48 30 0.008536
48 31 0.999964
49 0 -0.953753
49 1 0.300593
49 2 0.659091
49 3 -0.752064
49 4 0.211200
49 5 -0.977443
49 6 0.652750
49 7 -0.757573
49 8 -0.982453
49 9 0.186512
49 10 0.376597
49 11 -0.926377
49 12 0.999774
49 13 0.021279
49 14 0.765203
49 15 0.643789
49 16 0.470626
49 17 0.882333
49 18 0.272074
49 19 0.962276
49 20 0.154332
49 21 0.988019
49 22 0.087025
49 23 0.996206
49 24 0.048980
49 25 0.998800
49 26 0.027551
49 27 0.999620
49 28 0.015495
49 29 0.999880
49 30 0.008713
49 31 0.999962
