src tgt a
0 0 0.000000
1 0 0.000000
2 0 0.000000
3 0 0.000000
4 0 0.000000
5 0 0.001717
6 0 0.143376
7 0 0.854907
0 1 0.000000
1 1 0.000000
2 1 0.000000
3 1 0.000001
4 1 0.000600
5 1 0.062413
6 1 0.693530
7 1 0.243456
0 2 0.000000
1 2 0.000000
2 2 0.000001
3 2 0.000505
4 2 0.091544
5 2 0.661226
6 2 0.187692
7 2 0.059031
0 3 0.000000
1 3 0.000002
2 3 0.000363
3 3 0.035844
4 3 0.874921
5 3 0.084527
6 3 0.004232
7 3 0.000111
0 4 0.000006
1 4 0.000492
2 4 0.027590
3 4 0.769426
4 4 0.200866
5 4 0.001606
6 4 0.000014
7 4 0.000000
0 5 0.000646
1 5 0.066736
2 5 0.796084
3 5 0.126835
4 5 0.009696
5 5 0.000002
6 5 0.000000
7 5 0.000000
0 6 0.145750
1 6 0.542324
2 6 0.293714
3 6 0.018185
4 6 0.000027
5 6 0.000000
6 6 0.000000
7 6 0.000000
0 7 0.852835
1 7 0.145829
2 7 0.001334
3 7 0.000002
4 7 0.000000
5 7 0.000000
6 7 0.000000
7 7 0.000000
0 8 0.893098
1 8 0.106568
2 8 0.000335
3 8 0.000000
4 8 0.000000
5 8 0.000000
6 8 0.000000
7 8 0.000000
