step loss
1 2.877740
11 4.170597
21 2.593280
31 2.392871
41 2.351956
51 2.250302
61 2.044834
71 1.787555
81 1.430971
91 1.114351
101 0.804960
111 0.675054
121 0.516758
131 0.391662
141 0.347795
151 0.293300
161 0.184061
171 0.175529
181 0.149998
191 0.112958
201 0.091275
211 0.085052
221 0.073656
231 0.077196
241 0.052526
251 0.071346
261 0.036909
271 0.036817
281 0.025963
291 0.024285
301 0.035695
311 0.028816
321 0.013680
331 0.019670
341 0.015769
351 0.020437
361 0.014570
371 0.010197
381 0.009500
391 0.008154
401 0.006656
411 0.004692
421 0.005592
431 0.003725
441 0.003297
451 0.003387
461 0.003160
471 0.003033
481 0.002886
491 0.002870
501 0.002841
511 0.002741
521 0.002777
531 0.002741
541 0.002711
551 0.002773
561 0.002717
571 0.002752
581 0.002732
591 0.002757
