x pdata pg dstar
-10.000000 0.000000 0.000000 1.000000
-9.800000 0.000000 0.000000 1.000000
-9.600000 0.000000 0.000000 1.000000
-9.400000 0.000000 0.000000 1.000000
-9.200000 0.000000 0.000000 1.000000
-9.000000 0.000000 0.000000 1.000000
-8.800000 0.000000 0.000000 0.999999
-8.600000 0.000000 0.000000 0.999999
-8.400000 0.000000 0.000000 0.999999
-8.200000 0.000000 0.000000 0.999999
-8.000000 0.000000 0.000000 0.999998
-7.800000 0.000000 0.000000 0.999997
-7.600000 0.000000 0.000000 0.999996
-7.400000 0.000000 0.000000 0.999995
-7.200000 0.000000 0.000000 0.999993
-7.000000 0.000000 0.000000 0.999991
-6.800000 0.000000 0.000000 0.999988
-6.600000 0.000000 0.000000 0.999984
-6.400000 0.000000 0.000000 0.999978
-6.200000 0.000000 0.000000 0.999970
-6.000000 0.000000 0.000000 0.999960
-5.800000 0.000000 0.000000 0.999946
-5.600000 0.000000 0.000000 0.999927
-5.400000 0.000000 0.000000 0.999901
-5.200000 0.000001 0.000000 0.999867
-5.000000 0.000001 0.000000 0.999820
-4.800000 0.000004 0.000000 0.999758
-4.600000 0.000010 0.000000 0.999673
-4.400000 0.000025 0.000000 0.999559
-4.200000 0.000059 0.000000 0.999404
-4.000000 0.000134 0.000000 0.999196
-3.800000 0.000292 0.000000 0.998915
-3.600000 0.000612 0.000001 0.998536
-3.400000 0.001232 0.000002 0.998025
-3.200000 0.002384 0.000006 0.997335
-3.000000 0.004432 0.000016 0.996406
-2.800000 0.007915 0.000039 0.995155
-2.600000 0.013583 0.000089 0.993471
-2.400000 0.022395 0.000199 0.991207
-2.200000 0.035475 0.000425 0.988167
-2.000000 0.053991 0.000873 0.984094
-1.800000 0.078950 0.001723 0.978647
-1.600000 0.110921 0.003267 0.971391
-1.400000 0.149727 0.005953 0.961764
-1.200000 0.194186 0.010421 0.949069
-1.000000 0.241971 0.017528 0.932453
-0.800000 0.289692 0.028327 0.910926
-0.600000 0.333225 0.043984 0.883397
-0.400000 0.368270 0.065616 0.848772
-0.200000 0.391043 0.094049 0.806121
0.000000 0.398942 0.129518 0.754915
0.200000 0.391043 0.171369 0.695297
0.400000 0.368270 0.217852 0.628316
0.600000 0.333225 0.266085 0.556014
0.800000 0.289692 0.312254 0.481259
1.000000 0.241971 0.352065 0.407333
1.200000 0.194186 0.381388 0.337378
1.400000 0.149727 0.396953 0.273885
1.600000 0.110921 0.396953 0.218403
1.800000 0.078950 0.381388 0.171505
2.000000 0.053991 0.352065 0.132964
2.200000 0.035475 0.312254 0.102018
2.400000 0.022395 0.266085 0.077629
2.600000 0.013583 0.217852 0.058690
2.800000 0.007915 0.171369 0.044150
3.000000 0.004432 0.129518 0.033086
3.200000 0.002384 0.094049 0.024723
3.400000 0.001232 0.065616 0.018433
3.600000 0.000612 0.043984 0.013721
3.800000 0.000292 0.028327 0.010201
4.000000 0.000134 0.017528 0.007577
4.200000 0.000059 0.010421 0.005624
4.400000 0.000025 0.005953 0.004173
4.600000 0.000010 0.003267 0.003095
4.800000 0.000004 0.001723 0.002294
5.000000 0.000001 0.000873 0.001701
5.200000 0.000001 0.000425 0.001260
5.400000 0.000000 0.000199 0.000934
5.600000 0.000000 0.000089 0.000692
5.800000 0.000000 0.000039 0.000513
6.000000 0.000000 0.000016 0.000380
6.200000 0.000000 0.000006 0.000282
6.400000 0.000000 0.000002 0.000209
6.600000 0.000000 0.000001 0.000155
6.800000 0.000000 0.000000 0.000114
7.000000 0.000000 0.000000 0.000085
7.200000 0.000000 0.000000 0.000063
7.400000 0.000000 0.000000 0.000047
7.600000 0.000000 0.000000 0.000034
7.800000 0.000000 0.000000 0.000026
8.000000 0.000000 0.000000 0.000019
8.200000 0.000000 0.000000 0.000014
8.400000 0.000000 0.000000 0.000010
8.600000 0.000000 0.000000 0.000008
8.800000 0.000000 0.000000 0.000006
9.000000 0.000000 0.000000 0.000004
9.200000 0.000000 0.000000 0.000003
9.400000 0.000000 0.000000 0.000002
9.600000 0.000000 0.000000 0.000002
9.800000 0.000000 0.000000 0.000001
10.000000 0.000000 0.000000 0.000001
