t signal noise
1 0.999950 0.010000
11 0.998903 0.046834
21 0.996863 0.079149
31 0.993836 0.110858
41 0.989832 0.142243
51 0.984861 0.173345
61 0.978939 0.204153
71 0.972082 0.234640
81 0.964311 0.264771
91 0.955649 0.294509
101 0.946119 0.323818
111 0.935750 0.352663
121 0.924572 0.381008
131 0.912615 0.408821
141 0.899913 0.436069
151 0.886503 0.462723
161 0.872420 0.488757
171 0.857703 0.514145
181 0.842392 0.538864
191 0.826528 0.562895
201 0.810152 0.586219
211 0.793307 0.608821
221 0.776036 0.630689
231 0.758381 0.651811
241 0.740387 0.672181
251 0.722096 0.691793
261 0.703553 0.710643
271 0.684800 0.728731
281 0.665879 0.746059
291 0.646833 0.762631
301 0.627703 0.778453
311 0.608528 0.793532
321 0.589348 0.807879
331 0.570201 0.821505
341 0.551123 0.834424
351 0.532149 0.846651
361 0.513313 0.858201
371 0.494648 0.869094
381 0.476183 0.879346
391 0.457947 0.888979
401 0.439968 0.898013
411 0.422271 0.906470
421 0.404878 0.914371
431 0.387813 0.921738
441 0.371093 0.928596
451 0.354738 0.934966
461 0.338763 0.940872
471 0.323182 0.946337
481 0.308008 0.951384
491 0.293251 0.956036
501 0.278921 0.960314
511 0.265024 0.964242
521 0.251566 0.967840
531 0.238551 0.971130
541 0.225982 0.974131
551 0.213860 0.976864
561 0.202184 0.979347
571 0.190954 0.981599
581 0.180165 0.983636
591 0.169815 0.985476
601 0.159898 0.987133
611 0.150409 0.988624
621 0.141340 0.989961
631 0.132684 0.991158
641 0.124433 0.992228
651 0.116577 0.993182
661 0.109107 0.994030
671 0.102012 0.994783
681 0.095283 0.995450
691 0.088908 0.996040
701 0.082875 0.996560
711 0.077174 0.997018
721 0.071792 0.997420
731 0.066719 0.997772
741 0.061941 0.998080
751 0.057447 0.998349
761 0.053225 0.998583
771 0.049264 0.998786
781 0.045552 0.998962
791 0.042076 0.999114
801 0.038827 0.999246
811 0.035792 0.999359
821 0.032961 0.999457
831 0.030323 0.999540
841 0.027868 0.999612
851 0.025586 0.999673
861 0.023467 0.999725
871 0.021502 0.999769
881 0.019681 0.999806
891 0.017996 0.999838
901 0.016439 0.999865
911 0.015001 0.999887
921 0.013676 0.999906
931 0.012454 0.999922
941 0.011330 0.999936
951 0.010298 0.999947
961 0.009349 0.999956
971 0.008480 0.999964
981 0.007684 0.999970
991 0.006955 0.999976
