x truth d1 d3 d9
0.000000 0.000000 1.170203 -1.100678 2.500000
0.008403 0.052775 1.150048 -0.944639 2.500000
0.016807 0.105404 1.129892 -0.795491 2.500000
0.025210 0.157738 1.109737 -0.653120 2.500000
0.033613 0.209633 1.089581 -0.517409 2.500000
0.042017 0.260943 1.069426 -0.388244 2.500000
0.050420 0.311527 1.049270 -0.265510 2.500000
0.058824 0.361242 1.029115 -0.149092 2.500000
0.067227 0.409950 1.008959 -0.038875 2.500000
0.075630 0.457515 0.988804 0.065256 2.500000
0.084034 0.503806 0.968648 0.163415 2.200165
0.092437 0.548692 0.948493 0.255719 1.743350
0.100840 0.592049 0.928337 0.342281 1.360606
0.109244 0.633755 0.908182 0.423216 1.044504
0.117647 0.673696 0.888026 0.498641 0.788042
0.126050 0.711758 0.867871 0.568669 0.584644
0.134454 0.747837 0.847715 0.633415 0.428145
0.142857 0.781831 0.827560 0.692995 0.312789
0.151261 0.813647 0.807404 0.747524 0.233214
0.159664 0.843194 0.787249 0.797116 0.184446
0.168067 0.870392 0.767093 0.841886 0.161886
0.176471 0.895163 0.746938 0.881949 0.161297
0.184874 0.917440 0.726782 0.917421 0.178799
0.193277 0.937159 0.706627 0.948416 0.210846
0.201681 0.954267 0.686471 0.975050 0.254225
0.210084 0.968714 0.666316 0.997436 0.306034
0.218487 0.980462 0.646160 1.015691 0.363672
0.226891 0.989477 0.626005 1.029928 0.424825
0.235294 0.995734 0.605849 1.040264 0.487450
0.243697 0.999216 0.585694 1.046813 0.549767
0.252101 0.999913 0.565538 1.049689 0.610234
0.260504 0.997823 0.545383 1.049009 0.667544
0.268908 0.992952 0.525227 1.044886 0.720600
0.277311 0.985313 0.505072 1.037436 0.768510
0.285714 0.974928 0.484916 1.026774 0.810563
0.294118 0.961826 0.464761 1.013015 0.846223
0.302521 0.946043 0.444605 0.996273 0.875109
0.310924 0.927623 0.424450 0.976664 0.896984
0.319328 0.906617 0.404294 0.954302 0.911738
0.327731 0.883085 0.384139 0.929303 0.919379
0.336134 0.857092 0.363983 0.901781 0.920015
0.344538 0.828709 0.343828 0.871852 0.913843
0.352941 0.798017 0.323673 0.839630 0.901139
0.361345 0.765101 0.303517 0.805231 0.882240
0.369748 0.730052 0.283362 0.768769 0.857538
0.378151 0.692968 0.263206 0.730359 0.827468
0.386555 0.653953 0.243051 0.690117 0.792494
0.394958 0.613116 0.222895 0.648156 0.753102
0.403361 0.570569 0.202740 0.604593 0.709793
0.411765 0.526432 0.182584 0.559542 0.663068
0.420168 0.480828 0.162429 0.513118 0.613427
0.428571 0.433884 0.142273 0.465435 0.561355
0.436975 0.385730 0.122118 0.416610 0.507323
0.445378 0.336501 0.101962 0.366757 0.451776
0.453782 0.286335 0.081807 0.315990 0.395130
0.462185 0.235370 0.061651 0.264426 0.337769
0.470588 0.183750 0.041496 0.212178 0.280041
0.478992 0.131617 0.021340 0.159362 0.222254
0.487395 0.079117 0.001185 0.106092 0.164675
0.495798 0.026397 -0.018971 0.052485 0.107530
0.504202 -0.026397 -0.039126 -0.001347 0.051000
0.512605 -0.079117 -0.059282 -0.055286 -0.004774
0.521008 -0.131617 -0.079437 -0.109219 -0.059693
0.529412 -0.183750 -0.099593 -0.163031 -0.113697
0.537815 -0.235370 -0.119748 -0.216606 -0.166764
0.546218 -0.286335 -0.139904 -0.269830 -0.218905
0.554622 -0.336501 -0.160059 -0.322588 -0.270161
0.563025 -0.385730 -0.180215 -0.374764 -0.320600
0.571429 -0.433884 -0.200370 -0.426244 -0.370310
0.579832 -0.480828 -0.220526 -0.476913 -0.419396
0.588235 -0.526432 -0.240681 -0.526656 -0.467971
0.596639 -0.570569 -0.260837 -0.575357 -0.516155
0.605042 -0.613116 -0.280992 -0.622903 -0.564063
0.613445 -0.653953 -0.301148 -0.669177 -0.611803
0.621849 -0.692968 -0.321303 -0.714066 -0.659468
0.630252 -0.730052 -0.341459 -0.757453 -0.707127
0.638655 -0.765101 -0.361614 -0.799225 -0.754823
0.647059 -0.798017 -0.381770 -0.839266 -0.802562
0.655462 -0.828709 -0.401925 -0.877461 -0.850310
0.663866 -0.857092 -0.422081 -0.913695 -0.897987
0.672269 -0.883085 -0.442236 -0.947854 -0.945458
0.680672 -0.906617 -0.462392 -0.979822 -0.992534
0.689076 -0.927623 -0.482547 -1.009484 -1.038963
0.697479 -0.946043 -0.502703 -1.036726 -1.084433
0.705882 -0.961826 -0.522858 -1.061432 -1.128564
0.714286 -0.974928 -0.543014 -1.083488 -1.170910
0.722689 -0.985313 -0.563169 -1.102778 -1.210962
0.731092 -0.992952 -0.583325 -1.119188 -1.248146
0.739496 -0.997823 -0.603480 -1.132602 -1.281830
0.747899 -0.999913 -0.623636 -1.142907 -1.311331
0.756303 -0.999216 -0.643791 -1.149986 -1.335920
0.764706 -0.995734 -0.663947 -1.153724 -1.354837
0.773109 -0.989477 -0.684102 -1.154008 -1.367298
0.781513 -0.980462 -0.704258 -1.150721 -1.372517
0.789916 -0.968714 -0.724413 -1.143750 -1.369723
0.798319 -0.954267 -0.744569 -1.132978 -1.358182
0.806723 -0.937159 -0.764724 -1.118291 -1.337222
0.815126 -0.917440 -0.784880 -1.099575 -1.306265
0.823529 -0.895163 -0.805035 -1.076713 -1.264859
0.831933 -0.870392 -0.825191 -1.049592 -1.212719
0.840336 -0.843194 -0.845346 -1.018095 -1.149766
0.848739 -0.813647 -0.865502 -0.982109 -1.076176
0.857143 -0.781831 -0.885657 -0.941519 -0.992437
0.865546 -0.747837 -0.905813 -0.896208 -0.899403
0.873950 -0.711758 -0.925968 -0.846063 -0.798361
0.882353 -0.673696 -0.946124 -0.790969 -0.691103
0.890756 -0.633755 -0.966279 -0.730809 -0.580000
0.899160 -0.592049 -0.986435 -0.665471 -0.468092
0.907563 -0.548692 -1.006590 -0.594838 -0.359177
0.915966 -0.503806 -1.026746 -0.518795 -0.257913
0.924370 -0.457515 -1.046901 -0.437228 -0.169922
0.932773 -0.409950 -1.067057 -0.350022 -0.101914
0.941176 -0.361242 -1.087212 -0.257061 -0.061807
0.949580 -0.311527 -1.107368 -0.158231 -0.058864
0.957983 -0.260943 -1.127523 -0.053417 -0.103840
0.966387 -0.209633 -1.147679 0.057496 -0.209139
0.974790 -0.157738 -1.167834 0.174623 -0.388976
0.983193 -0.105404 -1.187990 0.298080 -0.659560
0.991597 -0.052775 -1.208145 0.427980 -1.039280
1.000000 0.000000 -1.228301 0.564439 -1.548913
