x y
-6.283185 0.000000
-6.204645 0.078459
-6.126106 0.156434
-6.047566 0.233445
-5.969026 0.309017
-5.890486 0.382683
-5.811946 0.453990
-5.733407 0.522499
-5.654867 0.587785
-5.576327 0.649448
-5.497787 0.707107
-5.419247 0.760406
-5.340708 0.809017
-5.262168 0.852640
-5.183628 0.891007
-5.105088 0.923880
-5.026548 0.951057
-4.948008 0.972370
-4.869469 0.987688
-4.790929 0.996917
-4.712389 1.000000
-4.633849 0.996917
-4.555309 0.987688
-4.476770 0.972370
-4.398230 0.951057
-4.319690 0.923880
-4.241150 0.891007
-4.162610 0.852640
-4.084070 0.809017
-4.005531 0.760406
-3.926991 0.707107
-3.848451 0.649448
-3.769911 0.587785
-3.691371 0.522499
-3.612832 0.453990
-3.534292 0.382683
-3.455752 0.309017
-3.377212 0.233445
-3.298672 0.156434
-3.220132 0.078459
-3.141593 0.000000
-3.063053 -0.078459
-2.984513 -0.156434
-2.905973 -0.233445
-2.827433 -0.309017
-2.748894 -0.382683
-2.670354 -0.453990
-2.591814 -0.522499
-2.513274 -0.587785
-2.434734 -0.649448
-2.356194 -0.707107
-2.277655 -0.760406
-2.199115 -0.809017
-2.120575 -0.852640
-2.042035 -0.891007
-1.963495 -0.923880
-1.884956 -0.951057
-1.806416 -0.972370
-1.727876 -0.987688
-1.649336 -0.996917
-1.570796 -1.000000
-1.492257 -0.996917
-1.413717 -0.987688
-1.335177 -0.972370
-1.256637 -0.951057
-1.178097 -0.923880
-1.099557 -0.891007
-1.021018 -0.852640
-0.942478 -0.809017
-0.863938 -0.760406
-0.785398 -0.707107
-0.706858 -0.649448
-0.628319 -0.587785
-0.549779 -0.522499
-0.471239 -0.453990
-0.392699 -0.382683
-0.314159 -0.309017
-0.235619 -0.233445
-0.157080 -0.156434
-0.078540 -0.078459
0.000000 0.000000
0.078540 0.078459
0.157080 0.156434
0.235619 0.233445
0.314159 0.309017
0.392699 0.382683
0.471239 0.453990
0.549779 0.522499
0.628319 0.587785
0.706858 0.649448
0.785398 0.707107
0.863938 0.760406
0.942478 0.809017
1.021018 0.852640
1.099557 0.891007
1.178097 0.923880
1.256637 0.951057
1.335177 0.972370
1.413717 0.987688
1.492257 0.996917
1.570796 1.000000
1.649336 0.996917
1.727876 0.987688
1.806416 0.972370
1.884956 0.951057
1.963495 0.923880
2.042035 0.891007
2.120575 0.852640
2.199115 0.809017
2.277655 0.760406
2.356194 0.707107
2.434734 0.649448
2.513274 0.587785
2.591814 0.522499
2.670354 0.453990
2.748894 0.382683
2.827433 0.309017
2.905973 0.233445
2.984513 0.156434
3.063053 0.078459
3.141593 0.000000
3.220132 -0.078459
3.298672 -0.156434
3.377212 -0.233445
3.455752 -0.309017
3.534292 -0.382683
3.612832 -0.453990
3.691371 -0.522499
3.769911 -0.587785
3.848451 -0.649448
3.926991 -0.707107
4.005531 -0.760406
4.084070 -0.809017
4.162610 -0.852640
4.241150 -0.891007
4.319690 -0.923880
4.398230 -0.951057
4.476770 -0.972370
4.555309 -0.987688
4.633849 -0.996917
4.712389 -1.000000
4.790929 -0.996917
4.869469 -0.987688
4.948008 -0.972370
5.026548 -0.951057
5.105088 -0.923880
5.183628 -0.891007
5.262168 -0.852640
5.340708 -0.809017
5.419247 -0.760406
5.497787 -0.707107
5.576327 -0.649448
5.654867 -0.587785
5.733407 -0.522499
5.811946 -0.453990
5.890486 -0.382683
5.969026 -0.309017
6.047566 -0.233445
6.126106 -0.156434
6.204645 -0.078459
6.283185 0.000000
