x dens normal
0.320000 0.000000 0.002124
0.360000 0.000000 0.004690
0.400000 0.000000 0.009869
0.440000 0.000500 0.019795
0.480000 0.009501 0.037842
0.520000 0.026503 0.068952
0.560000 0.067507 0.119751
0.600000 0.144014 0.198228
0.640000 0.262526 0.312754
0.680000 0.447545 0.470321
0.720000 0.717072 0.674125
0.760000 1.031603 0.920959
0.800000 1.369637 1.199207
0.840000 1.690669 1.488338
0.880000 1.936694 1.760610
0.920000 2.122212 1.985082
0.960000 2.157716 2.133279
1.000000 2.185219 2.185097
1.040000 2.067207 2.133279
1.080000 1.831183 1.985082
1.120000 1.594159 1.760610
1.160000 1.354635 1.488338
1.200000 1.061106 1.199207
1.240000 0.822582 0.920959
1.280000 0.636564 0.674125
1.320000 0.467547 0.470321
1.360000 0.321032 0.312754
1.400000 0.244024 0.198228
1.440000 0.162516 0.119751
1.480000 0.098510 0.068952
1.520000 0.064006 0.037842
1.560000 0.033503 0.019795
1.600000 0.030503 0.009869
1.640000 0.017002 0.004690
1.680000 0.008501 0.002124
1.720000 0.007001 0.000917
1.760000 0.003500 0.000377
1.800000 0.004000 0.000148
1.840000 0.001500 0.000055
1.880000 0.000500 0.000020
