x abs sq maxf minf
-3.000000 3.000000 3.000000 3.000000 3.000000
-2.950000 2.950000 2.900833 2.950000 2.950000
-2.900000 2.900000 2.803333 2.900000 2.900000
-2.850000 2.850000 2.707500 2.850000 2.850000
-2.800000 2.800000 2.613333 2.800000 2.800000
-2.750000 2.750000 2.520833 2.750000 2.750000
-2.700000 2.700000 2.430000 2.700000 2.700000
-2.650000 2.650000 2.340833 2.650000 2.650000
-2.600000 2.600000 2.253333 2.600000 2.600000
-2.550000 2.550000 2.167500 2.550000 2.550000
-2.500000 2.500000 2.083333 2.500000 2.500000
-2.450000 2.450000 2.000833 2.450000 2.450000
-2.400000 2.400000 1.920000 2.400000 2.400000
-2.350000 2.350000 1.840833 2.350000 2.350000
-2.300000 2.300000 1.763333 2.300000 2.300000
-2.250000 2.250000 1.687500 2.250000 2.250000
-2.200000 2.200000 1.613333 2.200000 2.200000
-2.150000 2.150000 1.540833 2.150000 2.150000
-2.100000 2.100000 1.470000 2.100000 2.100000
-2.050000 2.050000 1.400833 2.050000 2.050000
-2.000000 2.000000 1.333333 2.000000 2.000000
-1.950000 1.950000 1.267500 1.950000 1.950000
-1.900000 1.900000 1.203333 1.900000 1.900000
-1.850000 1.850000 1.140833 1.850000 1.850000
-1.800000 1.800000 1.080000 1.800000 1.800000
-1.750000 1.750000 1.020833 1.750000 1.750000
-1.700000 1.700000 0.963333 1.700000 1.700000
-1.650000 1.650000 0.907500 1.650000 1.650000
-1.600000 1.600000 0.853333 1.600000 1.600000
-1.550000 1.550000 0.800833 1.550000 1.550000
-1.500000 1.500000 0.750000 1.500000 1.500000
-1.450000 1.450000 0.700833 1.450000 1.450000
-1.400000 1.400000 0.653333 1.400000 1.400000
-1.350000 1.350000 0.607500 1.350000 1.350000
-1.300000 1.300000 0.563333 1.300000 1.300000
-1.250000 1.250000 0.520833 1.250000 1.250000
-1.200000 1.200000 0.480000 1.200000 1.200000
-1.150000 1.150000 0.440833 1.150000 1.150000
-1.100000 1.100000 0.403333 1.100000 1.100000
-1.050000 1.050000 0.367500 1.050000 1.050000
-1.000000 1.000000 0.333333 1.000000 1.000000
-0.950000 0.950000 0.300833 0.950000 0.950000
-0.900000 0.900000 0.270000 0.900000 0.900000
-0.850000 0.850000 0.240833 0.850000 0.850000
-0.800000 0.800000 0.213333 0.800000 0.800000
-0.750000 0.750000 0.187500 0.750000 0.750000
-0.700000 0.700000 0.163333 0.700000 0.700000
-0.650000 0.650000 0.140833 0.650000 0.650000
-0.600000 0.600000 0.120000 0.600000 0.600000
-0.550000 0.550000 0.100833 0.550000 0.550000
-0.500000 0.500000 0.083333 0.500000 0.500000
-0.450000 0.450000 0.067500 0.450000 0.450000
-0.400000 0.400000 0.053333 0.400000 0.400000
-0.350000 0.350000 0.040833 0.350000 0.350000
-0.300000 0.300000 0.030000 0.300000 0.300000
-0.250000 0.250000 0.020833 0.250000 0.250000
-0.200000 0.200000 0.013333 0.200000 0.200000
-0.150000 0.150000 0.007500 0.150000 0.150000
-0.100000 0.100000 0.003333 0.100000 0.100000
-0.050000 0.050000 0.000833 0.050000 0.050000
0.000000 0.000000 0.000000 0.000000 0.000000
0.050000 0.050000 0.000833 0.050000 0.050000
0.100000 0.100000 0.003333 0.100000 0.100000
0.150000 0.150000 0.007500 0.150000 0.150000
0.200000 0.200000 0.013333 0.200000 0.200000
0.250000 0.250000 0.020833 0.250000 0.250000
0.300000 0.300000 0.030000 0.300000 0.300000
0.350000 0.350000 0.040833 0.350000 0.350000
0.400000 0.400000 0.053333 0.400000 0.400000
0.450000 0.450000 0.067500 0.450000 0.450000
0.500000 0.500000 0.083333 0.500000 0.500000
0.550000 0.550000 0.100833 0.550000 0.451250
0.600000 0.600000 0.120000 0.600000 0.405000
0.650000 0.650000 0.140833 0.650000 0.361250
0.700000 0.700000 0.163333 0.700000 0.320000
0.750000 0.750000 0.187500 0.750000 0.281250
0.800000 0.800000 0.213333 0.800000 0.245000
0.850000 0.850000 0.240833 0.850000 0.211250
0.900000 0.900000 0.270000 0.900000 0.180000
0.950000 0.950000 0.300833 0.950000 0.151250
1.000000 1.000000 0.333333 1.000000 0.125000
1.050000 1.050000 0.367500 1.050000 0.101250
1.100000 1.100000 0.403333 1.100000 0.080000
1.150000 1.150000 0.440833 1.150000 0.061250
1.200000 1.200000 0.480000 1.200000 0.045000
1.250000 1.250000 0.520833 1.250000 0.031250
1.300000 1.300000 0.563333 1.300000 0.020000
1.350000 1.350000 0.607500 1.350000 0.011250
1.400000 1.400000 0.653333 1.400000 0.005000
1.450000 1.450000 0.700833 1.450000 0.001250
1.500000 1.500000 0.750000 1.500000 0.000000
1.550000 1.550000 0.800833 1.550000 0.001250
1.600000 1.600000 0.853333 1.600000 0.005000
1.650000 1.650000 0.907500 1.650000 0.011250
1.700000 1.700000 0.963333 1.700000 0.020000
1.750000 1.750000 1.020833 1.750000 0.031250
1.800000 1.800000 1.080000 1.800000 0.045000
1.850000 1.850000 1.140833 1.850000 0.061250
1.900000 1.900000 1.203333 1.900000 0.080000
1.950000 1.950000 1.267500 1.950000 0.101250
2.000000 2.000000 1.333333 2.000000 0.125000
2.050000 2.050000 1.400833 2.050000 0.151250
2.100000 2.100000 1.470000 2.100000 0.180000
2.150000 2.150000 1.540833 2.150000 0.211250
2.200000 2.200000 1.613333 2.200000 0.245000
2.250000 2.250000 1.687500 2.250000 0.281250
2.300000 2.300000 1.763333 2.300000 0.320000
2.350000 2.350000 1.840833 2.350000 0.361250
2.400000 2.400000 1.920000 2.400000 0.405000
2.450000 2.450000 2.000833 2.450000 0.451250
2.500000 2.500000 2.083333 2.500000 0.500000
2.550000 2.550000 2.167500 2.550000 0.551250
2.600000 2.600000 2.253333 2.600000 0.605000
2.650000 2.650000 2.340833 2.650000 0.661250
2.700000 2.700000 2.430000 2.700000 0.720000
2.750000 2.750000 2.520833 2.750000 0.781250
2.800000 2.800000 2.613333 2.800000 0.845000
2.850000 2.850000 2.707500 2.850000 0.911250
2.900000 2.900000 2.803333 2.900000 0.980000
2.950000 2.950000 2.900833 2.950000 1.051250
3.000000 3.000000 3.000000 3.000000 1.125000
