x ols hub
0.000000 -5.177662 0.756482
0.310345 -3.865628 1.377361
0.620690 -2.553594 1.998239
0.931034 -1.241561 2.619117
1.241379 0.070473 3.239995
1.551724 1.382506 3.860873
1.862069 2.694540 4.481752
2.172414 4.006574 5.102630
2.482759 5.318607 5.723508
2.793103 6.630641 6.344386
3.103448 7.942674 6.965265
3.413793 9.254708 7.586143
3.724138 10.566742 8.207021
4.034483 11.878775 8.827899
4.344828 13.190809 9.448777
4.655172 14.502842 10.069656
4.965517 15.814876 10.690534
5.275862 17.126910 11.311412
5.586207 18.438943 11.932290
5.896552 19.750977 12.553168
6.206897 21.063010 13.174047
6.517241 22.375044 13.794925
6.827586 23.687078 14.415803
7.137931 24.999111 15.036681
7.448276 26.311145 15.657560
7.758621 27.623178 16.278438
8.068966 28.935212 16.899316
8.379310 30.247246 17.520194
8.689655 31.559279 18.141072
9.000000 32.871313 18.761951
