t loss
0 19.400000
1 1.479200
2 0.866192
3 0.833818
4 0.821305
5 0.809842
6 0.798783
7 0.788096
8 0.777768
9 0.767786
10 0.758138
11 0.748814
12 0.739802
13 0.731092
14 0.722675
15 0.714539
16 0.706677
17 0.699078
18 0.691733
19 0.684635
20 0.677775
21 0.671145
22 0.664737
23 0.658544
24 0.652558
25 0.646774
26 0.641183
27 0.635779
28 0.630557
29 0.625510
30 0.620632
31 0.615917
32 0.611361
33 0.606957
34 0.602701
35 0.598587
36 0.594612
37 0.590770
38 0.587056
39 0.583467
40 0.579999
41 0.576646
42 0.573406
43 0.570275
44 0.567249
45 0.564324
46 0.561497
47 0.558765
48 0.556124
49 0.553572
50 0.551106
55 0.539960
60 0.530561
65 0.522636
70 0.515952
75 0.510317
80 0.505565
85 0.501557
90 0.498178
95 0.495329
100 0.492926
105 0.490900
110 0.489191
115 0.487751
120 0.486536
125 0.485511
130 0.484647
135 0.483919
140 0.483305
145 0.482787
150 0.482350
155 0.481981
160 0.481671
165 0.481409
170 0.481188
175 0.481002
180 0.480845
185 0.480712
190 0.480601
195 0.480507
200 0.480427
205 0.480360
210 0.480304
215 0.480256
220 0.480216
225 0.480182
230 0.480154
235 0.480129
240 0.480109
245 0.480092
250 0.480078
255 0.480065
260 0.480055
265 0.480047
270 0.480039
275 0.480033
280 0.480028
285 0.480024
290 0.480020
295 0.480017
300 0.480014
305 0.480012
310 0.480010
315 0.480008
320 0.480007
325 0.480006
330 0.480005
335 0.480004
340 0.480004
345 0.480003
350 0.480003
355 0.480002
360 0.480002
365 0.480002
370 0.480001
375 0.480001
380 0.480001
385 0.480001
390 0.480001
395 0.480001
400 0.480000
405 0.480000
410 0.480000
415 0.480000
420 0.480000
425 0.480000
430 0.480000
435 0.480000
440 0.480000
445 0.480000
450 0.480000
455 0.480000
460 0.480000
465 0.480000
470 0.480000
475 0.480000
480 0.480000
485 0.480000
490 0.480000
495 0.480000
500 0.480000
