alpha age sex bmi bp s1 s2 s3 s4 s5 s6
0.010000 -0.475580 -11.406032 24.727226 15.428755 -37.584240 22.600215 4.763855 8.410522 35.698156 3.217245
0.013141 -0.475410 -11.405770 24.727437 15.428552 -37.554276 22.576439 4.750618 8.406917 35.686794 3.217424
0.017270 -0.475188 -11.405427 24.727714 15.428285 -37.514975 22.545254 4.733257 8.402190 35.671891 3.217658
0.022695 -0.474896 -11.404976 24.728077 15.427935 -37.463456 22.504374 4.710500 8.395993 35.652355 3.217967
0.029825 -0.474514 -11.404385 24.728551 15.427475 -37.395976 22.450829 4.680693 8.387878 35.626765 3.218371
0.039194 -0.474014 -11.403609 24.729169 15.426873 -37.307679 22.380767 4.641693 8.377262 35.593278 3.218900
0.051507 -0.473359 -11.402594 24.729974 15.426086 -37.192301 22.289215 4.590734 8.363395 35.549516 3.219594
0.067688 -0.472504 -11.401266 24.731018 15.425055 -37.041797 22.169792 4.524267 8.345313 35.492424 3.220502
0.088951 -0.471389 -11.399530 24.732369 15.423710 -36.845924 22.014371 4.437774 8.321793 35.418110 3.221687
0.116895 -0.469939 -11.397266 24.734106 15.421957 -36.591764 21.812700 4.325560 8.291296 35.321660 3.223233
0.153617 -0.468059 -11.394319 24.736325 15.419677 -36.263242 21.552028 4.180543 8.251914 35.196955 3.225244
0.201876 -0.465630 -11.390495 24.739134 15.416724 -35.840716 21.216770 3.994079 8.201326 35.036505 3.227852
0.265295 -0.462509 -11.385547 24.742648 15.412912 -35.300761 20.788343 3.755875 8.136786 34.831358 3.231223
0.348637 -0.458524 -11.379177 24.746974 15.408016 -34.616364 20.245322 3.454089 8.055162 34.571156 3.235560
0.458160 -0.453475 -11.371017 24.752183 15.401768 -33.757834 19.564157 3.075752 7.953072 34.244455 3.241106
0.602089 -0.447142 -11.360633 24.758272 15.393852 -32.694754 18.720739 2.607661 7.827158 33.839422 3.248151
0.791234 -0.439290 -11.347515 24.765093 15.383909 -31.399348 17.693065 2.037907 7.674543 33.345061 3.257030
1.039798 -0.429685 -11.331080 24.772264 15.371542 -29.851354 16.465125 1.358083 7.493486 32.752984 3.268120
1.366448 -0.418114 -11.310665 24.779052 15.356316 -28.044073 15.031718 0.566021 7.284186 32.059611 3.281841
1.795714 -0.404400 -11.285516 24.784241 15.337763 -25.990502 13.403345 -0.331431 7.049597 31.268397 3.298660
2.359833 -0.388406 -11.254754 24.786002 15.315352 -23.727676 11.609712 -1.316443 6.795996 30.391369 3.319105
3.101169 -0.370016 -11.217298 24.781792 15.288447 -21.317054 9.700107 -2.359999 6.533030 29.449188 3.343809
4.075393 -0.349090 -11.171750 24.768277 15.256212 -18.839455 7.739507 -3.424166 6.273021 28.469161 3.373573
5.355667 -0.325387 -11.116224 24.741285 15.217477 -16.384855 5.800648 -4.466674 6.029541 27.481346 3.409458
7.038136 -0.298472 -11.048136 24.695757 15.170576 -14.039495 3.954048 -5.446754 5.815569 26.513641 3.452892
9.249147 -0.267626 -10.963976 24.625630 15.113150 -11.874014 2.258905 -6.330545 5.641669 25.587283 3.505755
12.154743 -0.231765 -10.859071 24.523650 15.041966 -9.935813 0.757413 -7.094641 5.514618 24.713922 3.570435
15.973123 -0.189395 -10.727378 24.381090 14.952728 -8.246978 -0.526494 -7.727142 5.436737 23.894807 3.649798
20.991037 -0.138597 -10.561306 24.187437 14.839923 -6.806991 -1.584678 -8.226462 5.405905 23.121789 3.747043
27.585316 -0.077051 -10.351635 23.930132 14.696710 -5.598245 -2.420302 -8.598733 5.416159 22.379427 3.865377
36.251170 -0.002112 -10.087589 23.594472 14.514894 -4.592277 -3.043094 -8.854662 5.458694 21.647489 4.007461
47.639380 0.089013 -9.757199 23.163841 14.285044 -3.755305 -3.465602 -9.006529 5.523070 20.903400 4.174552
62.605166 0.198955 -9.348129 22.620418 13.996835 -3.052461 -3.700992 -9.065764 5.598361 20.124529 4.365375
82.272413 0.329672 -8.849141 21.946534 13.639697 -2.450735 -3.762410 -9.041319 5.674017 19.290362 4.574808
108.118075 0.481717 -8.252312 21.126772 13.203822 -1.920985 -3.663628 -8.938954 5.740241 18.384627 4.792706
142.083083 0.653317 -7.555898 20.150752 12.681511 -1.439456 -3.420547 -8.761397 5.787854 17.397253 5.003325
186.718109 0.839456 -6.767341 19.016252 12.068697 -0.989084 -3.053079 -8.509253 5.807808 16.325853 5.185916
245.375111 1.031275 -5.905493 17.731984 11.366371 -0.560612 -2.586783 -8.182423 5.790643 15.176334 5.316838
322.459055 1.216232 -5.000840 16.319069 10.581519 -0.153214 -2.053571 -7.781725 5.726274 13.962355 5.373058
423.758716 1.379334 -4.092859 14.810401 9.727290 0.225913 -1.490805 -7.310429 5.604466 12.703672 5.336270
556.881399 1.505438 -3.224546 13.247635 8.822245 0.563475 -0.938432 -6.775411 5.416205 11.423790 5.196458
731.824222 1.582112 -2.435407 11.676426 7.888830 0.843575 -0.434430 -6.187753 5.155835 10.147548 4.953888
961.724871 1.602218 -1.755030 10.141244 6.951420 1.052151 -0.009590 -5.562646 4.823379 8.899246 4.619098
1263.848203 1.565387 -1.199178 8.681081 6.034287 1.181114 0.316813 -4.918565 4.426192 7.701470 4.211109
1660.882783 1.477934 -0.769290 7.326801 5.159777 1.230863 0.539071 -4.275769 3.979089 6.574404 3.754458
2182.644728 1.351314 -0.454990 6.100070 4.346782 1.210359 0.664133 -3.654326 3.502633 5.535162 3.275711
2868.316813 1.199656 -0.238318 5.013417 3.609560 1.134937 0.708209 -3.072007 3.019945 4.596905 2.800074
3769.390975 1.037154 -0.098235 4.070959 2.957004 1.022840 0.692132 -2.542514 2.553023 3.767885 2.348647
4953.535209 0.875988 -0.014271 3.269578 2.392497 0.891756 0.636961 -2.074444 2.119697 3.050857 1.936729
6509.675230 0.725152 0.031170 2.600458 1.914421 0.756353 0.560857 -1.671180 1.731940 2.443191 1.573353
8554.672536 0.590198 0.051847 2.050850 1.517200 0.627146 0.477575 -1.331581 1.395665 1.937751 1.261879
11242.100351 0.473663 0.057712 1.605844 1.192624 0.510529 0.396313 -1.051169 1.111639 1.524258 1.001243
14773.776526 0.375814 0.055480 1.249931 0.931151 0.409496 0.322387 -0.823441 0.876927 1.190781 0.787440
19414.919457 0.295449 0.049397 0.968182 0.722996 0.324616 0.258235 -0.641018 0.686385 0.925039 0.614867
25514.065200 0.230578 0.041978 0.747016 0.558882 0.254955 0.204395 -0.496505 0.533892 0.715348 0.477369
33529.241492 0.178918 0.034593 0.574583 0.430499 0.198794 0.160298 -0.383040 0.413227 0.551197 0.368942
44062.364278 0.138210 0.027909 0.440873 0.330687 0.154132 0.124827 -0.294580 0.318592 0.423507 0.284130
57904.439806 0.106392 0.022178 0.337632 0.253466 0.118983 0.096678 -0.225995 0.244887 0.324674 0.218209
76094.966855 0.081678 0.017431 0.258184 0.193950 0.091541 0.074564 -0.173050 0.187792 0.248477 0.167223
100000.000000 0.062575 0.013591 0.197205 0.148216 0.070246 0.057326 -0.132315 0.143748 0.189908 0.127938
