it train val
0 19.778127 22.992748
10 17.445577 21.754607
20 15.481995 20.678586
30 13.822452 19.738664
40 12.414142 18.913412
50 11.214017 18.185133
60 10.186911 17.539176
70 9.304028 16.963379
80 8.541738 16.447617
90 7.880597 15.983437
100 7.304576 15.563762
110 6.800422 15.182648
120 6.357152 14.835088
130 5.965642 14.516852
140 5.618293 14.224352
150 5.308755 13.954538
160 5.031714 13.704806
170 4.782705 13.472928
180 4.557968 13.256986
190 4.354328 13.055330
200 4.169095 12.866529
210 3.999984 12.689341
220 3.845046 12.522684
230 3.702618 12.365609
240 3.571271 12.217285
250 3.449777 12.076979
260 3.337075 11.944041
270 3.232248 11.817896
280 3.134497 11.698030
290 3.043127 11.583984
300 2.957530 11.475346
310 2.877173 11.371747
320 2.801585 11.272851
330 2.730352 11.178355
340 2.663107 11.087984
350 2.599522 11.001486
360 2.539306 10.918633
370 2.482199 10.839213
380 2.427967 10.763035
390 2.376398 10.689920
400 2.327305 10.619703
410 2.280515 10.552235
420 2.235871 10.487373
430 2.193233 10.424987
440 2.152472 10.364955
450 2.113469 10.307165
460 2.076116 10.251510
470 2.040314 10.197892
480 2.005971 10.146218
490 1.973004 10.096400
500 1.941335 10.048358
510 1.910891 10.002014
520 1.881606 9.957296
530 1.853419 9.914137
540 1.826271 9.872472
550 1.800110 9.832240
560 1.774884 9.793383
570 1.750548 9.755848
580 1.727058 9.719584
590 1.704373 9.684540
600 1.682454 9.650672
610 1.661267 9.617935
620 1.640776 9.586287
630 1.620950 9.555689
640 1.601760 9.526103
650 1.583177 9.497492
660 1.565175 9.469823
670 1.547728 9.443063
680 1.530813 9.417181
690 1.514408 9.392146
700 1.498491 9.367931
710 1.483042 9.344509
720 1.468042 9.321852
730 1.453474 9.299937
740 1.439319 9.278740
750 1.425563 9.258237
760 1.412188 9.238408
770 1.399182 9.219231
780 1.386529 9.200685
790 1.374216 9.182752
800 1.362231 9.165414
810 1.350562 9.148652
820 1.339197 9.132450
830 1.328125 9.116790
840 1.317335 9.101658
850 1.306818 9.087038
860 1.296564 9.072915
870 1.286564 9.059276
880 1.276810 9.046107
890 1.267291 9.033395
900 1.258002 9.021128
910 1.248934 9.009293
920 1.240079 8.997878
930 1.231431 8.986873
940 1.222983 8.976267
950 1.214729 8.966048
960 1.206661 8.956208
970 1.198775 8.946735
980 1.191065 8.937622
990 1.183524 8.928858
1000 1.176149 8.920435
1010 1.168932 8.912344
1020 1.161871 8.904578
1030 1.154960 8.897127
1040 1.148194 8.889985
1050 1.141570 8.883144
1060 1.135082 8.876596
1070 1.128727 8.870335
1080 1.122502 8.864353
1090 1.116402 8.858645
1100 1.110423 8.853204
1110 1.104563 8.848023
1120 1.098818 8.843097
1130 1.093184 8.838419
1140 1.087659 8.833985
1150 1.082240 8.829788
1160 1.076923 8.825824
1170 1.071706 8.822087
1180 1.066586 8.818572
1190 1.061560 8.815274
1200 1.056626 8.812188
1210 1.051782 8.809310
1220 1.047025 8.806636
1230 1.042353 8.804161
1240 1.037763 8.801880
1250 1.033254 8.799790
1260 1.028823 8.797887
1270 1.024468 8.796166
1280 1.020188 8.794624
1290 1.015981 8.793258
1300 1.011844 8.792063
1310 1.007776 8.791036
1320 1.003775 8.790173
1330 0.999840 8.789472
1340 0.995969 8.788929
1350 0.992161 8.788541
1360 0.988413 8.788305
1370 0.984725 8.788217
1380 0.981094 8.788275
1390 0.977521 8.788477
1400 0.974003 8.788818
1410 0.970538 8.789297
1420 0.967127 8.789911
1430 0.963767 8.790657
1440 0.960457 8.791532
1450 0.957196 8.792535
1460 0.953984 8.793663
1470 0.950818 8.794913
1480 0.947699 8.796283
1490 0.944624 8.797771
1500 0.941593 8.799375
1510 0.938605 8.801092
1520 0.935659 8.802921
1530 0.932754 8.804859
1540 0.929889 8.806904
1550 0.927064 8.809055
1560 0.924276 8.811309
1570 0.921527 8.813665
1580 0.918814 8.816121
1590 0.916137 8.818675
1600 0.913496 8.821325
1610 0.910889 8.824070
1620 0.908316 8.826907
1630 0.905776 8.829836
1640 0.903268 8.832854
1650 0.900792 8.835961
1660 0.898347 8.839153
1670 0.895933 8.842431
1680 0.893548 8.845793
1690 0.891193 8.849236
1700 0.888866 8.852760
1710 0.886568 8.856364
1720 0.884297 8.860045
1730 0.882053 8.863803
1740 0.879835 8.867636
1750 0.877644 8.871543
1760 0.875477 8.875523
1770 0.873336 8.879575
1780 0.871219 8.883696
1790 0.869127 8.887887
1800 0.867057 8.892146
1810 0.865011 8.896472
1820 0.862988 8.900864
1830 0.860987 8.905320
1840 0.859007 8.909840
1850 0.857049 8.914423
1860 0.855112 8.919067
1870 0.853196 8.923772
1880 0.851300 8.928536
1890 0.849424 8.933359
1900 0.847567 8.938240
1910 0.845730 8.943177
1920 0.843911 8.948170
1930 0.842111 8.953218
1940 0.840329 8.958321
1950 0.838565 8.963476
1960 0.836819 8.968684
1970 0.835089 8.973943
1980 0.833377 8.979253
1990 0.831681 8.984613
2000 0.830002 8.990022
2010 0.828339 8.995479
2020 0.826691 9.000984
2030 0.825059 9.006536
2040 0.823442 9.012134
2050 0.821840 9.017777
2060 0.820253 9.023465
2070 0.818681 9.029198
2080 0.817123 9.034973
2090 0.815579 9.040792
2100 0.814048 9.046652
2110 0.812531 9.052554
2120 0.811028 9.058496
2130 0.809538 9.064479
2140 0.808060 9.070501
2150 0.806595 9.076563
2160 0.805143 9.082662
2170 0.803703 9.088800
2180 0.802276 9.094974
2190 0.800860 9.101186
2200 0.799456 9.107433
2210 0.798063 9.113716
2220 0.796682 9.120035
2230 0.795312 9.126388
2240 0.793953 9.132775
2250 0.792605 9.139195
2260 0.791268 9.145649
2270 0.789941 9.152135
2280 0.788625 9.158653
2290 0.787319 9.165203
2300 0.786022 9.171784
2310 0.784736 9.178396
2320 0.783460 9.185038
2330 0.782193 9.191710
2340 0.780936 9.198412
2350 0.779688 9.205142
2360 0.778449 9.211901
2370 0.777219 9.218689
2380 0.775999 9.225504
2390 0.774787 9.232346
2400 0.773584 9.239216
2410 0.772389 9.246112
2420 0.771203 9.253034
2430 0.770025 9.259983
2440 0.768856 9.266957
2450 0.767694 9.273956
2460 0.766541 9.280980
2470 0.765395 9.288028
2480 0.764257 9.295101
2490 0.763127 9.302198
2500 0.762005 9.309317
2510 0.760890 9.316461
2520 0.759782 9.323627
2530 0.758681 9.330815
2540 0.757588 9.338026
2550 0.756502 9.345259
2560 0.755423 9.352513
2570 0.754351 9.359789
2580 0.753285 9.367086
2590 0.752226 9.374403
2600 0.751174 9.381741
2610 0.750129 9.389100
2620 0.749090 9.396478
2630 0.748057 9.403876
2640 0.747030 9.411293
2650 0.746010 9.418730
2660 0.744996 9.426185
2670 0.743988 9.433659
2680 0.742986 9.441152
2690 0.741990 9.448663
2700 0.741000 9.456191
2710 0.740016 9.463738
2720 0.739037 9.471302
2730 0.738064 9.478883
2740 0.737096 9.486481
2750 0.736134 9.494096
2760 0.735178 9.501728
2770 0.734227 9.509376
2780 0.733281 9.517040
2790 0.732341 9.524720
2800 0.731405 9.532416
2810 0.730475 9.540128
2820 0.729550 9.547854
2830 0.728630 9.555596
2840 0.727715 9.563353
2850 0.726804 9.571125
2860 0.725899 9.578912
2870 0.724999 9.586712
2880 0.724103 9.594528
2890 0.723212 9.602357
2900 0.722325 9.610200
2910 0.721443 9.618056
2920 0.720566 9.625927
2930 0.719693 9.633810
2940 0.718825 9.641707
2950 0.717961 9.649617
2960 0.717101 9.657540
2970 0.716246 9.665475
2980 0.715395 9.673423
2990 0.714548 9.681384
3000 0.713706 9.689356
