lam bias2 var noise total mse
0.000000 0.000388 0.553890 0.090000 0.644278 0.640389
0.000000 0.000378 0.468896 0.090000 0.559275 0.554534
0.000000 0.000381 0.398052 0.090000 0.488433 0.494682
0.000000 0.000358 0.308101 0.090000 0.398459 0.392011
0.000000 0.000317 0.206226 0.090000 0.296543 0.296674
0.000001 0.000298 0.129420 0.090000 0.219718 0.221780
0.000003 0.000310 0.091297 0.090000 0.181607 0.178998
0.000006 0.000327 0.073556 0.090000 0.163883 0.165288
0.000016 0.000333 0.059874 0.090000 0.150207 0.151923
0.000040 0.000351 0.048048 0.090000 0.138399 0.134991
0.000100 0.000399 0.040756 0.090000 0.131155 0.133038
0.000251 0.000487 0.036669 0.090000 0.127156 0.128131
0.000631 0.000651 0.033377 0.090000 0.124028 0.123181
0.001585 0.000992 0.030512 0.090000 0.121504 0.124870
0.003981 0.001832 0.027845 0.090000 0.119677 0.122462
0.010000 0.004279 0.024832 0.090000 0.119110 0.120711
0.025119 0.010669 0.023928 0.090000 0.124597 0.124560
0.063096 0.022068 0.028438 0.090000 0.140506 0.141271
0.158489 0.034998 0.033346 0.090000 0.158344 0.155441
0.398107 0.046725 0.030875 0.090000 0.167601 0.166922
1.000000 0.059837 0.023816 0.090000 0.173653 0.175303
2.511886 0.078499 0.019638 0.090000 0.188137 0.189765
6.309573 0.109682 0.020390 0.090000 0.220072 0.219693
15.848932 0.163524 0.025161 0.090000 0.278685 0.276740
39.810717 0.234844 0.029974 0.090000 0.354817 0.355858
100.000000 0.307796 0.029254 0.090000 0.427050 0.430721
