p err
5 1.298704
10 1.480888
15 1.758890
20 2.167802
25 2.750425
30 4.126006
35 8.654831
36 11.690538
38 20.000000
39 20.000000
40 20.000000
41 20.000000
42 20.000000
44 13.917119
45 10.602255
50 5.104336
55 3.431628
60 2.727750
65 2.318761
70 2.059011
75 1.865556
80 1.723880
85 1.628970
90 1.526003
95 1.464193
100 1.404782
105 1.331658
110 1.276664
115 1.239800
120 1.219898
125 1.124944
130 1.100608
135 1.081253
140 1.055810
145 1.047284
150 1.029532
155 1.024117
160 1.012398
165 1.005996
170 0.973808
175 0.961986
180 0.960194
185 0.953554
190 0.949171
195 0.925821
200 0.917187
