alpha age sex bmi bp s1 s2 s3 s4 s5 s6
45.160030 0.000000 0.000000 0.000000 0.000000 0.000000 0.000000 0.000000 0.000000 0.000000 0.000000
41.378957 0.000000 0.000000 3.496832 0.000000 0.000000 0.000000 0.000000 0.000000 0.637120 0.000000
37.914458 0.000000 0.000000 5.892540 0.000000 0.000000 0.000000 0.000000 0.000000 3.032757 0.000000
34.740029 0.000000 0.000000 8.087615 0.000000 0.000000 0.000000 0.000000 0.000000 5.227840 0.000000
31.831382 0.000000 0.000000 10.098905 0.000000 0.000000 0.000000 0.000000 0.000000 7.239137 0.000000
29.166264 0.000000 0.000000 11.942003 0.000000 0.000000 0.000000 0.000000 0.000000 9.081944 0.000000
26.724287 0.000000 0.000000 13.630580 0.000000 0.000000 0.000000 0.000000 0.000000 10.770552 0.000000
24.486766 0.000000 0.000000 15.177779 0.000000 0.000000 0.000000 0.000000 0.000000 12.317780 0.000000
22.436585 0.000000 0.000000 16.595436 0.000000 0.000000 0.000000 0.000000 0.000000 13.735464 0.000000
20.558057 0.000000 0.000000 17.737608 0.569724 0.000000 0.000000 0.000000 0.000000 14.880229 0.000000
18.836811 0.000000 0.000000 18.654177 1.566531 0.000000 0.000000 0.000000 0.000000 15.800318 0.000000
17.259679 0.000000 0.000000 19.494061 2.479855 0.000000 0.000000 0.000000 0.000000 16.643356 0.000000
15.814593 0.000000 0.000000 20.262942 3.316867 0.000000 0.000000 0.000000 0.000000 17.416053 0.000000
14.490499 0.000000 0.000000 20.886703 4.096149 0.000000 0.000000 -0.333416 0.000000 18.022328 0.000000
13.277266 0.000000 0.000000 21.349281 4.827138 0.000000 0.000000 -1.077905 0.000000 18.444812 0.000000
12.165612 0.000000 0.000000 21.772561 5.496841 0.000000 0.000000 -1.760105 0.000000 18.832193 0.000000
11.147033 0.000000 0.000000 22.161016 6.110568 0.000000 0.000000 -2.385144 0.000000 19.186844 0.000000
10.213735 0.000000 0.000000 22.516947 6.672910 0.000000 0.000000 -2.957852 0.000000 19.511803 0.000000
9.358579 0.000000 0.000000 22.843077 7.188169 0.000000 0.000000 -3.482609 0.000000 19.809553 0.000000
8.575022 0.000000 0.000000 23.141902 7.660288 0.000000 0.000000 -3.963430 0.000000 20.082374 0.000000
7.857069 0.000000 0.000000 23.415707 8.092878 0.000000 0.000000 -4.403994 0.000000 20.332353 0.000000
7.199227 0.000000 0.000000 23.666588 8.489248 0.000000 0.000000 -4.807671 0.000000 20.561402 0.000000
6.596464 0.000000 0.000000 23.896463 8.852433 0.000000 0.000000 -5.177550 0.000000 20.771274 0.000000
6.044168 0.000000 -0.264451 24.070739 9.248799 0.000000 0.000000 -5.623557 0.000000 20.951731 0.000000
5.538113 0.000000 -1.181680 24.140050 9.773855 0.000000 0.000000 -6.304499 0.000000 21.086362 0.000000
5.074428 0.000000 -2.021693 24.203978 10.254725 0.000000 0.000000 -6.928031 0.000000 21.209718 0.000000
4.649566 0.000000 -2.791375 24.262553 10.695334 0.000000 0.000000 -7.499358 0.000000 21.322745 0.000000
4.260276 0.000000 -3.496614 24.316224 11.099053 0.000000 0.000000 -8.022850 0.000000 21.426309 0.000000
3.903580 0.000000 -4.160688 24.332709 11.432853 0.000000 0.000000 -8.496202 0.000000 21.464413 0.195225
3.576748 0.000000 -4.771856 24.344362 11.735887 0.000000 0.000000 -8.930507 0.000000 21.492788 0.394366
3.277281 0.000000 -5.332782 24.353590 12.013879 -0.006834 0.000000 -9.327120 0.000000 21.523826 0.577708
3.002887 0.000000 -5.812016 24.413178 12.263535 -0.589194 0.000000 -9.482417 0.000000 21.871485 0.816847
2.751467 0.000000 -6.252288 24.465668 12.492656 -1.122679 0.000000 -9.625550 0.000000 22.191525 1.035922
2.521098 0.000000 -6.655695 24.513769 12.702597 -1.611498 0.000000 -9.756696 0.000000 22.484769 1.236652
2.310016 0.000000 -7.025326 24.557843 12.894960 -2.059391 0.000000 -9.876862 0.000000 22.753460 1.420575
2.116607 0.000000 -7.364009 24.598227 13.071217 -2.469783 0.000000 -9.986967 0.000000 22.999656 1.589099
1.939392 0.000000 -7.674336 24.635230 13.232717 -2.845814 0.000000 -10.087854 0.000000 23.225238 1.743514
1.777014 0.000000 -7.958680 24.669134 13.380695 -3.190362 0.000000 -10.180293 0.000000 23.431933 1.885000
1.628232 0.000000 -8.219712 24.699222 13.516023 -3.505946 0.000000 -10.265362 0.000000 23.621552 2.014979
1.491906 0.000000 -8.458394 24.727771 13.640282 -3.795222 0.000000 -10.342940 0.000000 23.795064 2.133735
1.366995 0.000000 -8.677092 24.753927 13.754137 -4.060280 0.000000 -10.414023 0.000000 23.954050 2.242549
1.252542 0.000000 -8.877479 24.777894 13.858458 -4.303145 0.000000 -10.479153 0.000000 24.099724 2.342252
1.147671 0.000000 -9.061089 24.799853 13.954046 -4.525676 0.000000 -10.538831 0.000000 24.233202 2.433608
1.051581 0.000000 -9.229326 24.819975 14.041630 -4.729576 0.000000 -10.593512 0.000000 24.355504 2.517315
0.963536 0.000000 -9.384304 24.837045 14.121805 -4.915855 0.000000 -10.644503 0.000000 24.467752 2.594238
0.882863 0.000000 -9.539023 24.861894 14.213957 -5.354729 0.000000 -10.336115 0.476804 24.552647 2.650453
0.808945 0.000000 -9.683650 24.885437 14.301764 -5.819257 0.000000 -9.972062 1.018691 24.629933 2.699991
0.741215 0.000000 -9.816191 24.906960 14.382203 -6.244423 0.000000 -9.639088 1.514592 24.700680 2.745384
0.679156 0.000000 -9.937553 24.926854 14.455961 -6.635634 0.000000 -9.331894 1.971137 24.765745 2.786965
0.622293 0.000000 -10.048830 24.944921 14.523494 -6.992566 0.000000 -9.052368 2.387449 24.825138 2.825075
0.570191 0.000000 -10.150797 24.961462 14.585369 -7.319485 0.000000 -8.796410 2.768734 24.879540 2.859995
0.522451 0.000000 -10.244145 24.976791 14.642115 -7.620667 0.000000 -8.559793 3.120251 24.929626 2.891981
0.478708 0.000000 -10.329752 24.990678 14.694063 -7.895137 0.000000 -8.344898 3.440366 24.975300 2.921299
0.438628 0.000000 -10.408199 25.003388 14.741656 -8.146480 0.000000 -8.148183 3.733485 25.017128 2.948162
0.401903 0.000000 -10.479996 25.015204 14.785317 -8.378398 0.000000 -7.965870 4.004197 25.055692 2.972766
0.368253 0.000000 -10.545856 25.025876 14.825275 -8.589431 0.000000 -7.800696 4.250308 25.090811 2.995320
0.337421 0.000000 -10.606210 25.035636 14.861882 -8.782624 0.000000 -7.649569 4.475589 25.122965 3.015986
0.309170 0.000000 -10.661431 25.044749 14.895475 -8.961249 0.000000 -7.509042 4.684127 25.152663 3.034912
0.283284 0.000000 -10.712100 25.052946 14.926210 -9.123478 0.000000 -7.382122 4.873305 25.179663 3.052262
0.259566 0.000000 -10.758501 25.060431 14.954344 -9.272337 0.001183 -7.266018 5.045830 25.204597 3.068098
0.237834 -0.007794 -10.815301 25.034068 14.987468 -11.603219 1.852667 -6.272018 5.333627 26.062656 3.075754
0.217921 -0.046950 -10.864742 25.008495 15.024379 -13.768239 3.581815 -5.352654 5.589856 26.865689 3.087573
0.199675 -0.082833 -10.910051 24.985048 15.058206 -15.753618 5.167464 -4.509539 5.824841 27.602088 3.098401
0.182957 -0.115718 -10.951578 24.963542 15.089214 -17.575131 6.622203 -3.735959 6.040455 28.277703 3.108320
0.167639 -0.145882 -10.989680 24.943735 15.117678 -19.254749 7.963456 -3.022406 6.239383 28.900669 3.117396
0.153603 -0.173523 -11.024597 24.925576 15.143765 -20.794746 9.193199 -2.368147 6.421784 29.471848 3.125711
0.140742 -0.198851 -11.056591 24.908936 15.167668 -22.206041 10.320165 -1.768561 6.588944 29.995291 3.133330
0.128959 -0.222059 -11.085907 24.893687 15.189571 -23.499335 11.352902 -1.219104 6.742129 30.474968 3.140310
0.118161 -0.243324 -11.112769 24.879713 15.209640 -24.684495 12.299288 -0.715584 6.882508 30.914538 3.146706
0.108268 -0.262809 -11.137383 24.866909 15.228030 -25.770563 13.166544 -0.254161 7.011151 31.317355 3.152567
0.099203 -0.278875 -11.161952 24.853754 15.243235 -26.471924 13.750312 0.000000 7.047367 31.585877 3.159250
0.090897 -0.291174 -11.187817 24.838598 15.254728 -26.723817 14.011428 0.000000 6.960132 31.700483 3.167361
0.083287 -0.302451 -11.211451 24.824808 15.265259 -26.953122 14.249103 0.000000 6.880839 31.804787 3.174777
0.076314 -0.312778 -11.233162 24.812089 15.274908 -27.164505 14.468224 0.000000 6.807641 31.900961 3.181586
0.069924 -0.322239 -11.253061 24.800427 15.283748 -27.358323 14.669140 0.000000 6.740515 31.989145 3.187826
0.064070 -0.330908 -11.271294 24.789741 15.291849 -27.535928 14.853249 0.000000 6.679002 32.069953 3.193544
0.058705 -0.341501 -11.284792 24.782477 15.301787 -28.131703 15.330386 0.251622 6.747215 32.291407 3.196761
0.053790 -0.352771 -11.295011 24.777799 15.312470 -28.930710 15.945082 0.632762 6.887386 32.579521 3.198428
0.049287 -0.363096 -11.304371 24.773517 15.322255 -29.662302 16.507906 0.981758 7.015754 32.843320 3.199957
0.045160 -0.372559 -11.312953 24.769585 15.331226 -30.333524 17.024300 1.301930 7.133489 33.085359 3.201357
