x y
0.747648 1.016553
0.898898 0.875236
1.345329 1.263362
0.772683 0.752285
1.932538 1.940435
1.088170 1.065096
1.525233 1.912761
1.414679 0.993568
1.435080 1.121880
0.779116 1.223883
1.274835 1.585007
1.228366 1.087125
1.061810 1.108673
0.927072 0.786580
0.758314 0.341053
1.550565 2.345504
0.268097 0.145743
0.853926 1.079031
2.049409 1.748805
1.974841 1.526934
2.427852 1.877471
1.466245 1.533455
1.352040 1.187387
0.047533 0.470317
1.188008 1.490561
1.141188 1.222429
1.419061 1.150011
1.047288 1.062524
1.243507 1.241749
0.849353 0.831532
1.461401 1.804507
1.272517 1.517157
0.468392 0.671635
1.541848 1.844663
0.896862 0.817599
1.620945 1.362114
0.754237 0.427208
1.166702 1.297884
0.757432 0.782575
1.051195 1.503038
1.077734 0.625713
0.714826 0.803734
1.550814 1.725288
1.041701 1.236749
1.396699 1.488035
1.924187 2.617308
1.485543 1.779928
1.493173 1.648993
1.365769 1.280282
2.040871 1.690288
1.060094 1.511782
0.605645 0.572694
1.672556 0.928477
1.685799 1.635635
1.133264 1.296856
1.945743 1.773490
1.357106 1.426002
1.470886 1.259577
0.717004 0.773029
0.594770 0.477651
