x y
-0.013477 -0.702015
-0.013228 -0.621666
-0.012979 -0.541318
-0.012729 -0.460969
-0.012480 -0.380620
-0.012231 -0.300271
-0.011981 -0.219922
-0.011732 -0.139574
-0.011483 -0.059225
-0.011233 0.021124
-0.010984 0.101473
-0.010734 0.181821
-0.010485 0.262170
-0.010236 0.342519
-0.009986 0.422868
-0.009737 0.503216
-0.009488 0.583565
-0.009238 0.663914
-0.008989 0.744263
-0.008740 0.824611
-0.008490 0.904960
-0.008241 0.985309
-0.007992 1.065658
-0.007742 1.146007
-0.007493 1.226355
-0.007243 1.306704
-0.006994 1.387053
-0.006745 1.467402
-0.006495 1.547750
-0.006246 1.628099
-0.005997 1.708448
-0.005747 1.788797
-0.005498 1.869145
-0.005249 1.949494
-0.004999 2.029843
-0.004750 2.110192
-0.004500 2.190541
-0.004251 2.270889
-0.004002 2.351238
-0.003752 2.431587
-0.003503 2.511936
-0.003254 2.592284
-0.003004 2.672633
-0.002755 2.752982
-0.002506 2.833331
-0.002256 2.913679
-0.002007 2.994028
-0.001758 3.074377
-0.001508 3.154726
-0.001259 3.235075
