x y
-0.664237 -0.702015
-0.663988 -0.621666
-0.663739 -0.541318
-0.663489 -0.460969
-0.663240 -0.380620
-0.662991 -0.300271
-0.662741 -0.219922
-0.662492 -0.139574
-0.662242 -0.059225
-0.661993 0.021124
-0.661744 0.101473
-0.661494 0.181821
-0.661245 0.262170
-0.660996 0.342519
-0.660746 0.422868
-0.660497 0.503216
-0.660248 0.583565
-0.659998 0.663914
-0.659749 0.744263
-0.659499 0.824611
-0.659250 0.904960
-0.659001 0.985309
-0.658751 1.065658
-0.658502 1.146007
-0.658253 1.226355
-0.658003 1.306704
-0.657754 1.387053
-0.657505 1.467402
-0.657255 1.547750
-0.657006 1.628099
-0.656757 1.708448
-0.656507 1.788797
-0.656258 1.869145
-0.656008 1.949494
-0.655759 2.029843
-0.655510 2.110192
-0.655260 2.190541
-0.655011 2.270889
-0.654762 2.351238
-0.654512 2.431587
-0.654263 2.511936
-0.654014 2.592284
-0.653764 2.672633
-0.653515 2.752982
-0.653265 2.833331
-0.653016 2.913679
-0.652767 2.994028
-0.652517 3.074377
-0.652268 3.154726
-0.652019 3.235075
