x y
-1.170574 1.305981
-1.186242 2.039336
-0.961174 0.410415
-1.748085 2.003323
-0.981310 1.264928
-1.775163 1.726062
-1.269138 0.691260
-1.687711 1.149996
-0.857403 0.718368
-1.160006 0.542830
-1.106593 1.200468
-1.201643 0.687586
-1.476285 1.460510
-0.993778 0.284406
-1.230156 -0.017093
-1.572419 1.683302
-1.696010 2.153630
-1.594732 1.387395
-1.367018 1.355631
-2.081415 2.234541
-0.871003 0.621541
-1.246471 0.645323
-1.132138 1.159906
-0.591598 0.634555
-1.335780 2.031809
-0.942950 -0.013229
-1.807250 1.586280
-1.917126 2.735075
-0.958935 0.864685
-0.981378 0.413022
-0.653212 1.221343
-0.618583 0.739313
-1.142108 1.239693
-1.156013 1.636683
-1.415565 0.910010
-1.002028 0.765908
-0.797371 0.543775
-0.993193 0.614479
-0.917422 1.469721
-1.244428 1.809248
-0.976970 0.973146
-1.264533 0.456529
-0.922793 1.995635
-0.641943 0.725407
-0.656615 1.458366
-1.368884 0.034633
-0.453733 0.383692
-1.418863 1.371686
-0.686313 -0.202015
-1.172177 0.963777
-1.554662 1.374052
-0.993016 0.473082
-1.022179 1.743509
-0.806173 0.364370
-0.515467 0.585490
-0.758510 0.699187
-0.340480 0.208305
-1.091435 1.086902
-2.025733 0.222476
-1.251551 1.747539
