x y
0.637282 -0.702015
0.637532 -0.621666
0.637781 -0.541318
0.638030 -0.460969
0.638280 -0.380620
0.638529 -0.300271
0.638779 -0.219922
0.639028 -0.139574
0.639277 -0.059225
0.639527 0.021124
0.639776 0.101473
0.640025 0.181821
0.640275 0.262170
0.640524 0.342519
0.640773 0.422868
0.641023 0.503216
0.641272 0.583565
0.641522 0.663914
0.641771 0.744263
0.642020 0.824611
0.642270 0.904960
0.642519 0.985309
0.642768 1.065658
0.643018 1.146007
0.643267 1.226355
0.643516 1.306704
0.643766 1.387053
0.644015 1.467402
0.644264 1.547750
0.644514 1.628099
0.644763 1.708448
0.645013 1.788797
0.645262 1.869145
0.645511 1.949494
0.645761 2.029843
0.646010 2.110192
0.646259 2.190541
0.646509 2.270889
0.646758 2.351238
0.647007 2.431587
0.647257 2.511936
0.647506 2.592284
0.647756 2.672633
0.648005 2.752982
0.648254 2.833331
0.648504 2.913679
0.648753 2.994028
0.649002 3.074377
0.649252 3.154726
0.649501 3.235075
