z ce mse gce gmse
-8.000000 8.000335 0.999329 0.999665 0.000670
-7.900000 7.900371 0.999259 0.999629 0.000741
-7.800000 7.800410 0.999181 0.999590 0.000818
-7.700000 7.700453 0.999095 0.999547 0.000904
-7.600000 7.600500 0.999000 0.999500 0.000999
-7.500000 7.500553 0.998895 0.999447 0.001104
-7.400000 7.400611 0.998779 0.999389 0.001220
-7.300000 7.300675 0.998650 0.999325 0.001348
-7.200000 7.200746 0.998508 0.999254 0.001490
-7.100000 7.100825 0.998352 0.999176 0.001646
-7.000000 7.000911 0.998179 0.999089 0.001819
-6.900000 6.901007 0.997987 0.998993 0.002009
-6.800000 6.801113 0.997776 0.998887 0.002220
-6.700000 6.701230 0.997543 0.998771 0.002453
-6.600000 6.601359 0.997285 0.998641 0.002710
-6.500000 6.501502 0.997000 0.998499 0.002993
-6.400000 6.401660 0.996685 0.998341 0.003307
-6.300000 6.301835 0.996337 0.998167 0.003652
-6.200000 6.202027 0.995953 0.997975 0.004034
-6.100000 6.102240 0.995529 0.997762 0.004456
-6.000000 6.002476 0.995061 0.997527 0.004921
-5.900000 5.902736 0.994544 0.997268 0.005434
-5.800000 5.803023 0.993972 0.996982 0.006000
-5.700000 5.703340 0.993342 0.996665 0.006625
-5.600000 5.603691 0.992645 0.996316 0.007314
-5.500000 5.504078 0.991876 0.995930 0.008074
-5.400000 5.404506 0.991028 0.995504 0.008912
-5.300000 5.304979 0.990091 0.995033 0.009835
-5.200000 5.205501 0.989058 0.994514 0.010853
-5.100000 5.106078 0.987917 0.993940 0.011973
-5.000000 5.006715 0.986659 0.993307 0.013207
-4.900000 4.907419 0.985272 0.992608 0.014565
-4.800000 4.808196 0.983741 0.991837 0.016060
-4.700000 4.709054 0.982055 0.990987 0.017703
-4.600000 4.610002 0.980195 0.990048 0.019509
-4.500000 4.511048 0.978147 0.989013 0.021494
-4.400000 4.412203 0.975890 0.987872 0.023672
-4.300000 4.313477 0.973405 0.986613 0.026062
-4.200000 4.214884 0.970670 0.985226 0.028681
-4.100000 4.116437 0.967661 0.983698 0.031551
-4.000000 4.018150 0.964351 0.982014 0.034690
-3.900000 3.920040 0.960713 0.980160 0.038122
-3.800000 3.822124 0.956716 0.978119 0.041868
-3.700000 3.724423 0.952328 0.975873 0.045954
-3.600000 3.626957 0.947513 0.973403 0.050402
-3.500000 3.529750 0.942235 0.970688 0.055238
-3.400000 3.432828 0.936452 0.967705 0.060486
-3.300000 3.336219 0.930123 0.964429 0.066171
-3.200000 3.239953 0.923203 0.960834 0.072316
-3.100000 3.144064 0.915644 0.956893 0.078942
-3.000000 3.048587 0.907397 0.952574 0.086068
-2.900000 2.953563 0.898413 0.947846 0.093711
-2.800000 2.859033 0.888638 0.942676 0.101881
-2.700000 2.765044 0.878019 0.937027 0.110584
-2.600000 2.671645 0.866503 0.930862 0.119817
-2.500000 2.578890 0.854038 0.924142 0.129572
-2.400000 2.486836 0.840572 0.916827 0.139825
-2.300000 2.395545 0.826057 0.908877 0.150546
-2.200000 2.305083 0.810449 0.900250 0.161685
-2.100000 2.215520 0.793708 0.890903 0.173182
-2.000000 2.126928 0.775803 0.880797 0.184956
-1.900000 2.039387 0.756711 0.869892 0.196909
-1.800000 1.952978 0.736420 0.858149 0.208924
-1.700000 1.867786 0.714929 0.845535 0.220863
-1.600000 1.783901 0.692255 0.832018 0.232572
-1.500000 1.701413 0.668428 0.817574 0.243877
-1.400000 1.620417 0.643499 0.802184 0.254589
-1.300000 1.541008 0.617537 0.785835 0.264509
-1.200000 1.463282 0.590630 0.768525 0.273433
-1.100000 1.387335 0.562890 0.750260 0.281152
-1.000000 1.313262 0.534447 0.731059 0.287470
-0.900000 1.241154 0.505449 0.710950 0.292201
-0.800000 1.171101 0.476065 0.689974 0.295184
-0.700000 1.103186 0.446475 0.668188 0.296292
-0.600000 1.037488 0.416872 0.645656 0.295432
-0.500000 0.974077 0.387456 0.622459 0.292561
-0.400000 0.913015 0.358427 0.598688 0.287682
-0.300000 0.854355 0.329984 0.574443 0.280854
-0.200000 0.798139 0.302317 0.549834 0.272186
-0.100000 0.744397 0.275603 0.524979 0.261834
0.000000 0.693147 0.250000 0.500000 0.250000
0.100000 0.644397 0.225645 0.475021 0.236918
0.200000 0.598139 0.202649 0.450166 0.222847
0.300000 0.554355 0.181099 0.425557 0.208062
0.400000 0.513015 0.161052 0.401312 0.192839
0.500000 0.474077 0.142537 0.377541 0.177447
0.600000 0.437488 0.125559 0.354344 0.162137
0.700000 0.403186 0.110099 0.331812 0.147134
0.800000 0.371101 0.096116 0.310026 0.132635
0.900000 0.341154 0.083550 0.289050 0.118800
1.000000 0.313262 0.072329 0.268941 0.105754
1.100000 0.287335 0.062370 0.249740 0.093587
1.200000 0.263282 0.053581 0.231475 0.082356
1.300000 0.241008 0.045867 0.214165 0.072087
1.400000 0.220417 0.039131 0.197816 0.062781
1.500000 0.201413 0.033279 0.182426 0.054416
1.600000 0.183901 0.028218 0.167982 0.046955
1.700000 0.167786 0.023860 0.154465 0.040348
1.800000 0.152978 0.020122 0.141851 0.034535
1.900000 0.139387 0.016928 0.130108 0.029451
2.000000 0.126928 0.014209 0.119203 0.025031
2.100000 0.115520 0.011902 0.109097 0.021207
2.200000 0.105083 0.009950 0.099750 0.017915
2.300000 0.095545 0.008303 0.091123 0.015094
2.400000 0.086836 0.006918 0.083173 0.012685
2.500000 0.078890 0.005754 0.075858 0.010636
2.600000 0.071645 0.004780 0.069138 0.008899
2.700000 0.065044 0.003966 0.062973 0.007432
2.800000 0.059033 0.003286 0.057324 0.006195
2.900000 0.053563 0.002720 0.052154 0.005156
3.000000 0.048587 0.002249 0.047426 0.004285
3.100000 0.044064 0.001858 0.043107 0.003556
3.200000 0.039953 0.001534 0.039166 0.002948
3.300000 0.036219 0.001265 0.035571 0.002441
3.400000 0.032828 0.001043 0.032295 0.002019
3.500000 0.029750 0.000859 0.029312 0.001668
3.600000 0.026957 0.000707 0.026597 0.001377
3.700000 0.024423 0.000582 0.024127 0.001136
3.800000 0.022124 0.000479 0.021881 0.000937
3.900000 0.020040 0.000394 0.019840 0.000772
4.000000 0.018150 0.000324 0.017986 0.000635
4.100000 0.016437 0.000266 0.016302 0.000523
4.200000 0.014884 0.000218 0.014774 0.000430
4.300000 0.013477 0.000179 0.013387 0.000354
4.400000 0.012203 0.000147 0.012128 0.000291
4.500000 0.011048 0.000121 0.010987 0.000239
4.600000 0.010002 0.000099 0.009952 0.000196
4.700000 0.009054 0.000081 0.009013 0.000161
4.800000 0.008196 0.000067 0.008163 0.000132
4.900000 0.007419 0.000055 0.007392 0.000108
5.000000 0.006715 0.000045 0.006693 0.000089
5.100000 0.006078 0.000037 0.006060 0.000073
5.200000 0.005501 0.000030 0.005486 0.000060
5.300000 0.004979 0.000025 0.004967 0.000049
5.400000 0.004506 0.000020 0.004496 0.000040
5.500000 0.004078 0.000017 0.004070 0.000033
5.600000 0.003691 0.000014 0.003684 0.000027
5.700000 0.003340 0.000011 0.003335 0.000022
5.800000 0.003023 0.000009 0.003018 0.000018
5.900000 0.002736 0.000007 0.002732 0.000015
6.000000 0.002476 0.000006 0.002473 0.000012
6.100000 0.002240 0.000005 0.002238 0.000010
6.200000 0.002027 0.000004 0.002025 0.000008
6.300000 0.001835 0.000003 0.001833 0.000007
6.400000 0.001660 0.000003 0.001659 0.000005
6.500000 0.001502 0.000002 0.001501 0.000005
6.600000 0.001359 0.000002 0.001359 0.000004
6.700000 0.001230 0.000002 0.001229 0.000003
6.800000 0.001113 0.000001 0.001113 0.000002
6.900000 0.001007 0.000001 0.001007 0.000002
7.000000 0.000911 0.000001 0.000911 0.000002
7.100000 0.000825 0.000001 0.000824 0.000001
7.200000 0.000746 0.000001 0.000746 0.000001
7.300000 0.000675 0.000000 0.000675 0.000001
7.400000 0.000611 0.000000 0.000611 0.000001
7.500000 0.000553 0.000000 0.000553 0.000001
7.600000 0.000500 0.000000 0.000500 0.000001
7.700000 0.000453 0.000000 0.000453 0.000000
7.800000 0.000410 0.000000 0.000410 0.000000
7.900000 0.000371 0.000000 0.000371 0.000000
8.000000 0.000335 0.000000 0.000335 0.000000
