x y
0.125730 -0.132105
0.640423 0.104900
-0.535669 0.361595
1.304000 0.947081
-0.703735 -1.265421
-0.623274 0.041326
-2.325031 -0.218792
-1.245911 -0.732267
-0.544259 -0.316300
0.411631 1.042513
-0.128535 1.366463
-0.665195 0.351510
0.903470 0.094012
-0.743499 -0.921725
-0.457726 0.220195
-1.009618 -0.209176
-0.159225 0.540846
0.214659 0.355373
-0.653829 -0.129614
0.783975 1.493431
-1.259066 1.513924
1.345875 0.781311
0.264456 -0.313923
1.458021 1.960258
1.801635 1.315104
0.357380 -1.208319
-0.004454 0.656475
-1.288361 0.395122
0.429864 0.696043
-1.184118 -0.661703
-0.436435 -1.169802
1.739368 -0.495911
0.328970 -0.258573
1.583473 1.320361
0.633353 -2.203510
0.052029 0.683686
1.003962 -0.617907
1.822011 -1.320431
-0.661528 0.935050
0.049055 2.002393
0.188519 -0.633194
-0.377564 -1.091146
-1.277680 0.630411
0.581166 1.294559
-0.754606 1.689107
-0.287388 1.574408
-0.432786 -0.735483
0.249785 1.031453
0.161010 -0.585529
-1.341220 -1.401520
0.502683 0.989713
-0.164295 -1.074365
0.873042 -1.280394
-0.713068 0.621018
-2.250141 0.386370
-0.581641 0.109280
-0.075702 0.202114
0.694172 -0.758370
1.420982 0.726094
0.843733 1.164864
0.787588 0.844079
0.075594 -1.426774
-0.135045 -0.769515
-1.422742 0.258453
-0.568549 -1.029804
-1.043001 0.268417
0.358672 1.322457
-0.013915 1.041840
1.402265 1.150166
-2.365304 1.228684
0.339620 0.423771
0.371227 0.382757
0.319414 -0.358913
-1.901635 -0.108915
-0.803732 1.080163
-0.288767 0.083475
-0.849606 -0.510622
-0.011533 -1.485375
0.300685 -0.106072
-1.185720 -2.398233
