x y
-1.983882 5.000000
-1.944557 4.943144
-1.911371 4.895164
-1.879599 4.849227
-1.846244 4.801003
-1.806920 4.744147
-1.767595 4.687291
-1.728270 4.630435
-1.688963 4.573604
-1.657191 4.527667
-1.625418 4.481730
-1.590633 4.431438
-1.551308 4.374582
-1.511984 4.317726
-1.472659 4.260870
-1.434783 4.206108
-1.403010 4.160171
-1.371237 4.114233
-1.335022 4.061873
-1.295697 4.005017
-1.256373 3.948161
-1.217048 3.891304
-1.180602 3.838611
-1.148829 3.792674
-1.117057 3.746737
-1.079411 3.692308
-1.040086 3.635452
-1.000761 3.578595
-0.961437 3.521739
-0.926421 3.471114
-0.894649 3.425177
-0.862876 3.379240
-0.823799 3.322742
-0.784475 3.265886
-0.745150 3.209030
-0.705825 3.152174
-0.672241 3.103617
-0.640468 3.057680
-0.607513 3.010033
-0.568188 2.953177
-0.528864 2.896321
-0.489539 2.839465
-0.450214 2.782609
-0.418060 2.736121
-0.386288 2.690183
-0.351902 2.640468
-0.312577 2.583612
-0.273252 2.526756
-0.233928 2.469900
-0.195652 2.414561
-0.163880 2.368624
-0.132107 2.322687
-0.096290 2.270903
-0.056966 2.214047
-0.017641 2.157191
0.021684 2.100334
0.058528 2.047064
0.090301 2.001127
0.122074 1.955190
0.159321 1.901338
0.198646 1.844482
0.237970 1.787625
0.277295 1.730769
0.312709 1.679567
0.344482 1.633630
0.376254 1.587693
0.414932 1.531773
0.454257 1.474916
0.493581 1.418060
0.532906 1.361204
0.566890 1.312071
0.598662 1.266133
0.631218 1.219064
0.670543 1.162207
0.709868 1.105351
0.749193 1.048495
0.788518 0.991639
0.821070 0.944574
0.852843 0.898637
0.886830 0.849498
0.926155 0.792642
0.965479 0.735786
1.004804 0.678930
1.043478 0.623014
1.075251 0.577077
1.107023 0.531140
1.142441 0.479933
1.181766 0.423077
1.221090 0.366221
1.260415 0.309365
1.297659 0.255518
1.329431 0.209580
1.361204 0.163643
1.398052 0.110368
1.437377 0.053512
1.476702 -0.003344
1.516026 -0.060201
1.551839 -0.111979
1.583612 -0.157916
1.615385 -0.203854
1.653664 -0.259197
1.692988 -0.316054
1.732313 -0.372910
1.771638 -0.429766
1.806020 -0.479476
1.837793 -0.525413
1.869950 -0.571906
1.909275 -0.628763
1.948599 -0.685619
1.987924 -0.742475
2.027249 -0.799331
2.060201 -0.846973
2.091973 -0.892910
2.125561 -0.941472
2.164886 -0.998328
2.204211 -1.055184
2.243535 -1.112040
2.282609 -1.168532
2.314381 -1.214470
2.346154 -1.260407
2.381173 -1.311037
2.420497 -1.367893
2.459822 -1.424749
2.499147 -1.481605
2.536789 -1.536029
2.568562 -1.581966
2.600334 -1.627904
2.636784 -1.680602
2.676109 -1.737458
2.715433 -1.794314
2.754758 -1.851171
2.790970 -1.903526
2.822742 -1.949463
2.854515 -1.995400
2.892395 -2.050167
2.931720 -2.107023
2.971044 -2.163880
3.010369 -2.220736
3.045151 -2.271023
3.076923 -2.316960
3.108696 -2.362897
3.148006 -2.419732
3.187331 -2.476589
3.226656 -2.533445
3.265980 -2.590301
3.299331 -2.638519
3.331104 -2.684457
3.364293 -2.732441
3.403618 -2.789298
3.442942 -2.846154
3.482267 -2.903010
3.521592 -2.959866
3.553512 -3.006016
3.585284 -3.051953
3.619904 -3.102007
3.659229 -3.158863
3.698553 -3.215719
3.737878 -3.272575
3.775920 -3.327576
3.807692 -3.373513
3.839465 -3.419450
3.875515 -3.471572
