x y
-0.051058 0.784726
2.189466 -0.890918
1.601585 1.262344
2.405712 1.307643
1.798234 1.660850
2.540449 1.492984
0.396538 -0.120082
0.347422 0.701051
3.332893 2.046886
3.242176 2.635130
1.614850 0.918127
3.630466 2.603312
0.542194 0.616694
1.454512 0.948866
1.976575 1.294289
1.966006 0.482217
1.062111 0.828042
1.537458 1.018471
1.802397 0.680817
0.627525 -0.387843
3.550996 2.515565
-0.354284 0.379166
2.785552 0.992478
2.303213 1.654903
-0.805143 0.356886
3.810757 3.844628
2.861379 1.395522
-0.280942 0.202872
2.510319 1.927603
0.406639 1.274125
3.579234 3.697583
0.633015 0.491453
3.545723 1.715566
1.989811 1.065592
2.962595 2.570283
1.543407 0.985866
0.473869 1.558873
3.872340 2.138572
0.331540 1.050948
1.321140 1.892860
4.108270 1.689831
3.313952 2.309336
3.375436 1.939964
3.691206 2.026839
3.460412 2.552564
0.897892 0.571272
2.485519 1.384657
1.148362 1.086906
-0.173268 -0.429349
1.311370 1.412096
2.397159 2.106220
3.644008 3.813095
3.830249 3.123002
3.421657 3.049433
2.554285 1.912032
1.608195 2.011145
3.332756 0.275438
3.131152 2.248492
2.469426 2.269531
0.461554 0.549547
3.929653 3.485339
0.398647 0.414494
-1.182733 -0.494856
3.813146 2.401798
0.585827 0.095931
-0.784697 -0.636599
0.362126 0.952456
1.936589 2.179790
3.952912 3.480636
2.251270 1.280363
0.536903 1.390365
0.241219 1.848173
-0.041740 1.217604
2.810172 2.019518
1.128947 1.005482
1.411101 1.455537
0.714818 0.720461
2.776681 1.382418
3.058663 2.862515
1.910751 1.971216
