x y
2.394770 5.000000
2.360099 4.943144
2.325486 4.886288
2.290934 4.829431
2.256442 4.772575
2.222014 4.715719
2.187651 4.658863
2.155518 4.605567
2.123746 4.552765
2.091973 4.499861
2.060201 4.446853
2.028428 4.393735
1.996656 4.340504
1.964883 4.287155
1.932379 4.232441
1.898700 4.175585
1.865117 4.118729
1.831632 4.061873
1.798251 4.005017
1.764975 3.948161
1.731809 3.891304
1.698758 3.834448
1.665826 3.777592
1.633017 3.720736
1.600337 3.663880
1.567792 3.607023
1.535386 3.550167
1.503127 3.493311
1.471020 3.436455
1.439073 3.379599
1.407292 3.322742
1.375685 3.265886
1.344261 3.209030
1.313028 3.152174
1.281996 3.095318
1.251174 3.038462
1.220573 2.981605
1.190204 2.924749
1.160079 2.867893
1.130211 2.811037
1.100615 2.754181
1.071304 2.697324
1.042296 2.640468
1.011706 2.579778
0.979933 2.515917
0.948161 2.451169
0.916388 2.385448
0.888984 2.327759
0.862423 2.270903
0.836329 2.214047
0.810734 2.157191
0.785675 2.100334
0.757525 2.034735
0.725753 1.958497
0.702766 1.901338
0.680634 1.844482
0.659291 1.787625
0.630435 1.706675
0.609850 1.645485
0.591832 1.588629
0.566982 1.503344
0.552032 1.446488
0.535117 1.373937
0.521233 1.304348
0.508084 1.219064
0.501956 1.162207
0.497364 1.076923
0.499225 0.991639
0.504697 0.934783
0.520499 0.849498
0.536991 0.792642
0.566890 0.719403
0.598662 0.661361
0.630435 0.614742
0.671367 0.565217
0.725753 0.511744
0.763876 0.479933
0.821070 0.438824
0.884615 0.399799
0.948069 0.366221
1.009477 0.337793
1.075251 0.310861
1.138796 0.287695
1.202341 0.266826
1.265886 0.247874
1.355166 0.224080
1.424749 0.207566
1.488294 0.193663
1.583612 0.174904
1.647157 0.163520
1.742475 0.148025
1.806020 0.138538
1.901338 0.125624
1.996656 0.113916
2.060201 0.106762
2.155518 0.096920
2.250836 0.087970
2.320533 0.081940
2.409699 0.074886
2.505017 0.068010
2.600334 0.061755
2.695652 0.056067
2.759197 0.052575
2.854515 0.047784
2.949833 0.043448
3.045151 0.039531
3.140468 0.036002
3.235786 0.032833
3.331104 0.029997
3.426421 0.027473
3.521739 0.025239
3.585284 0.023912
3.680602 0.022138
3.775920 0.020609
3.871237 0.019307
3.966555 0.018221
4.061873 0.017336
4.157191 0.016642
4.252508 0.016128
4.347826 0.015783
4.443144 0.015598
4.538462 0.015566
4.633779 0.015678
4.729097 0.015926
4.824415 0.016303
4.919732 0.016805
5.015050 0.017423
5.110368 0.018153
5.205686 0.018990
5.301003 0.019928
5.396321 0.020964
5.491639 0.022093
5.586957 0.023311
5.682274 0.024616
5.745819 0.025534
5.841137 0.026980
5.936455 0.028500
