x y
-1.143799 0.509920
-0.196745 0.836529
1.164188 0.242660
1.635748 -1.360966
0.795234 0.019090
0.509779 0.300446
-1.105584 0.837836
-0.606887 1.546979
0.332250 -1.147477
1.379920 -0.054559
0.425072 0.332253
0.037547 0.035928
0.159893 -1.208948
0.158470 1.990083
2.476584 0.352343
1.692358 -1.112812
0.934650 -0.346102
-0.651226 0.542451
2.087871 0.914841
-0.778740 0.179411
0.297141 -0.961777
0.723342 0.046136
-0.995909 0.693599
2.223360 0.394295
0.067471 -0.732265
-0.982992 0.054433
-1.455534 0.556185
-0.276203 0.796512
-1.347460 -0.009360
0.618670 -0.087987
0.786602 -1.840876
0.050562 0.499951
-0.905438 0.430271
0.048006 -2.358074
-0.647707 0.598575
1.271819 -0.647645
-0.302964 1.202003
-0.130705 0.802087
-0.418302 -1.584577
-1.156816 0.350997
