x y
-0.196745 0.836529
1.164188 0.242660
1.635748 -1.360966
0.795234 0.019090
0.509779 0.300446
-1.105584 0.837836
-0.606887 1.546979
1.379920 -0.054559
0.425072 0.332253
0.037547 0.035928
0.158470 1.990083
2.476584 0.352343
1.692358 -1.112812
0.934650 -0.346102
-0.651226 0.542451
2.087871 0.914841
0.723342 0.046136
-0.995909 0.693599
2.223360 0.394295
-0.276203 0.796512
0.618670 -0.087987
0.050562 0.499951
-0.905438 0.430271
-0.647707 0.598575
1.271819 -0.647645
-0.302964 1.202003
-0.130705 0.802087
1.691620 3.205982
3.240906 1.791350
1.635125 0.657071
2.028885 2.384285
2.281264 1.959476
0.783772 3.079899
2.238635 1.719151
1.704181 2.028535
1.908904 1.309024
3.070842 2.024789
1.518852 0.233985
0.992600 1.031710
2.964106 1.870433
2.814741 2.073431
2.230067 1.863820
0.517035 1.766114
1.347049 1.095425
2.813533 1.989843
1.850552 0.966863
2.248603 2.388646
1.102878 1.671804
1.523099 1.074885
2.120021 2.849790
1.255631 2.480865
2.409313 1.825555
-0.179775 1.592316
2.314922 2.412370
