x y
1.557278 -1.200000
1.577643 -1.181761
1.593388 -1.163522
1.604732 -1.145283
1.620989 -1.108805
1.626760 -1.090566
1.632229 -1.054088
1.632594 -1.017610
1.641096 -0.982793
1.660274 -0.978327
1.698630 -0.977634
1.736986 -0.973557
1.769797 -0.962893
1.794521 -0.952979
1.813699 -0.941199
1.832877 -0.926265
1.852055 -0.908150
1.871233 -0.884901
1.889371 -0.853459
1.897663 -0.835220
1.906226 -0.798742
1.907678 -0.762264
1.903397 -0.725786
1.890411 -0.689947
1.882721 -0.671069
1.870924 -0.652830
1.852055 -0.623941
1.836241 -0.598113
1.852055 -0.567568
1.871233 -0.556730
1.901517 -0.543396
1.917657 -0.543396
1.933655 -0.561635
1.947945 -0.592092
1.958818 -0.616352
1.971083 -0.634591
1.986825 -0.652830
2.006338 -0.671069
2.032825 -0.689308
2.063014 -0.703861
2.082192 -0.709118
2.120548 -0.715424
2.158904 -0.712725
2.178082 -0.707532
2.216438 -0.693219
2.235616 -0.682025
2.254795 -0.666733
2.273973 -0.647035
2.293151 -0.619532
2.305125 -0.598113
2.312329 -0.573439
2.319491 -0.543396
2.320001 -0.506918
2.312329 -0.471821
2.306967 -0.452201
2.293151 -0.425844
2.273973 -0.398888
2.254795 -0.379417
2.235616 -0.363899
2.216438 -0.351777
2.193905 -0.342767
2.158904 -0.330736
2.124146 -0.324528
2.108264 -0.306289
2.120548 -0.286476
2.139726 -0.261739
2.158904 -0.233904
2.173125 -0.215094
2.188127 -0.196855
2.208806 -0.178616
2.235616 -0.165584
2.273973 -0.160758
2.312329 -0.165751
2.350685 -0.167516
2.389041 -0.161595
2.408219 -0.156756
2.439655 -0.142138
2.465753 -0.124720
2.484932 -0.107392
2.501941 -0.087421
2.514496 -0.069182
2.523288 -0.048781
2.535464 -0.014465
2.539168 0.022013
2.536672 0.058491
2.525654 0.094969
2.517962 0.113208
2.504110 0.134745
2.484932 0.158700
2.465753 0.176428
2.446575 0.189750
2.418180 0.204403
2.389041 0.217075
2.369863 0.222882
2.331507 0.239922
2.312329 0.252243
2.293151 0.265674
2.273973 0.281673
2.254795 0.305625
2.243647 0.332075
2.238677 0.368553
2.250382 0.405031
2.258650 0.423270
2.272381 0.459748
2.277148 0.477987
2.281585 0.514465
2.278067 0.550943
2.273400 0.569182
2.262923 0.605660
2.254795 0.628192
2.251078 0.660377
2.253113 0.696855
2.254551 0.733333
2.251867 0.769811
2.241623 0.806289
2.232809 0.824528
2.216438 0.850002
2.197260 0.872260
2.178082 0.888982
2.158904 0.901358
2.125759 0.915723
2.101370 0.923647
2.063014 0.927485
2.024658 0.923740
1.998580 0.915723
1.967123 0.904715
1.947945 0.895176
1.915603 0.879245
1.890411 0.868812
1.871233 0.859604
1.837566 0.842767
1.813699 0.827839
1.794521 0.812226
1.775342 0.791334
1.759713 0.769811
1.749620 0.751572
1.737781 0.715094
1.733912 0.696855
1.731817 0.660377
1.736863 0.623899
1.739351 0.605660
1.742204 0.569182
1.736986 0.540619
1.721046 0.514465
1.699863 0.496226
1.679452 0.484792
1.660274 0.473008
1.641096 0.458789
1.621371 0.441509
1.602740 0.421630
1.583562 0.399811
1.564384 0.385081
1.526027 0.384018
1.506849 0.386878
1.468493 0.393946
1.430137 0.396273
1.391781 0.393253
1.369105 0.386792
1.334247 0.373337
1.315068 0.362177
1.295890 0.348099
1.276712 0.330707
1.257534 0.306340
1.243870 0.277358
1.238356 0.256058
1.233787 0.222642
1.231823 0.186164
1.230719 0.149686
1.228105 0.113208
1.225783 0.076730
1.230190 0.040252
1.238356 0.006592
1.243978 -0.014465
1.253685 -0.050943
1.258081 -0.069182
1.265354 -0.105660
1.269120 -0.142138
1.269721 -0.178616
1.267190 -0.215094
1.257534 -0.245844
1.238356 -0.255986
1.200000 -0.255194
1.173765 -0.251572
1.142466 -0.245898
1.104802 -0.233333
1.084932 -0.218810
1.071864 -0.196855
1.065809 -0.160377
1.065325 -0.142138
1.065266 -0.105660
1.064474 -0.069182
1.061031 -0.032704
1.047885 0.003774
1.027397 0.018467
1.008219 0.022604
0.989041 0.021936
0.952501 0.003774
0.936268 -0.014465
0.923168 -0.032704
0.910836 -0.050943
0.893151 -0.077376
0.873973 -0.100371
0.854795 -0.114514
0.818790 -0.123899
0.797260 -0.124455
0.778082 -0.123544
0.740594 -0.123899
0.720548 -0.133361
0.704573 -0.160377
0.696032 -0.178616
0.682192 -0.205132
0.663014 -0.226263
0.643836 -0.234172
0.624658 -0.231602
0.603205 -0.215094
0.586301 -0.192007
0.569393 -0.160377
0.562134 -0.142138
0.561360 -0.105660
0.583751 -0.087421
0.605479 -0.083373
0.643836 -0.083797
0.682192 -0.085390
0.712040 -0.069182
0.723631 -0.050943
0.739525 -0.014465
0.746152 0.003774
0.756735 0.040252
0.759651 0.058491
0.758904 0.077894
0.739726 0.112728
0.720548 0.129118
0.701370 0.142472
0.682192 0.153248
0.643836 0.161173
0.618324 0.149686
0.589803 0.131447
0.567123 0.115959
0.547945 0.103040
0.528767 0.091752
0.490411 0.081960
0.465587 0.094969
0.452055 0.115120
0.443163 0.149686
0.438704 0.186164
0.435046 0.222642
0.432626 0.240881
0.423150 0.277358
0.413699 0.297107
0.397503 0.332075
0.394521 0.368553
0.397455 0.405031
0.400756 0.441509
0.402082 0.477987
0.396541 0.514465
0.383537 0.532704
0.356164 0.538208
0.336986 0.529530
0.314066 0.514465
0.289209 0.496226
0.265372 0.477987
0.241096 0.460271
0.221918 0.449505
0.195457 0.441509
0.164384 0.435563
0.126027 0.428520
0.087671 0.425282
0.049315 0.428947
0.010959 0.435476
-0.020110 0.441509
-0.046575 0.447793
-0.082050 0.459748
-0.098924 0.477987
-0.090946 0.514465
-0.080042 0.532704
-0.065753 0.554003
-0.047533 0.587421
-0.040686 0.605660
-0.033801 0.642138
-0.035324 0.678616
-0.046575 0.714775
-0.065753 0.731443
-0.084932 0.733347
-0.104110 0.729265
-0.138846 0.715094
-0.161644 0.704847
-0.183553 0.696855
-0.219178 0.690381
-0.257534 0.693132
-0.292103 0.696855
-0.315068 0.697548
-0.334247 0.695592
-0.372603 0.681992
-0.391781 0.668197
-0.409408 0.642138
-0.412081 0.623899
-0.410308 0.605660
-0.400251 0.569182
-0.391781 0.550154
-0.372603 0.516609
-0.357231 0.496226
-0.340266 0.477987
-0.320894 0.459748
-0.300204 0.441509
-0.280342 0.423270
-0.265782 0.405031
-0.267412 0.368553
-0.277772 0.350314
-0.295890 0.321873
-0.311358 0.295597
-0.321309 0.277358
-0.334247 0.254106
-0.353425 0.225432
-0.370473 0.204403
-0.386143 0.186164
-0.400750 0.167925
-0.412491 0.149686
-0.424004 0.113208
-0.420725 0.076730
-0.410959 0.042282
-0.403461 0.022013
-0.391781 -0.008860
-0.379028 -0.032704
-0.367035 -0.050943
-0.347127 -0.069182
-0.315068 -0.083448
-0.295890 -0.088202
-0.276200 -0.105660
-0.268548 -0.142138
-0.258338 -0.178616
-0.252314 -0.196855
-0.238356 -0.221813
-0.219178 -0.248127
-0.200000 -0.268359
-0.180822 -0.286981
-0.164768 -0.306289
-0.155704 -0.324528
-0.144644 -0.361006
-0.140608 -0.379245
-0.134876 -0.415723
-0.142466 -0.436412
-0.179116 -0.452201
-0.200000 -0.458049
-0.225512 -0.470440
-0.254269 -0.488679
-0.274830 -0.506918
-0.291082 -0.525157
-0.303625 -0.543396
-0.315068 -0.568849
-0.325753 -0.598113
-0.330136 -0.634591
-0.328091 -0.671069
-0.317729 -0.707547
-0.310296 -0.725786
-0.295890 -0.749084
-0.276712 -0.773231
-0.257534 -0.791107
-0.238356 -0.804637
-0.212825 -0.816981
-0.180822 -0.828677
-0.142466 -0.832957
-0.104110 -0.830497
-0.065753 -0.818734
-0.046575 -0.810410
-0.027397 -0.797685
-0.006302 -0.780503
0.010959 -0.761727
0.030137 -0.733509
0.043153 -0.707547
0.049315 -0.681813
0.054778 -0.652830
0.054433 -0.616352
0.050461 -0.579874
0.068493 -0.555653
0.106849 -0.558350
0.136283 -0.561635
0.164384 -0.564101
0.194399 -0.561635
0.221918 -0.557592
0.260274 -0.545700
0.279452 -0.541318
0.300132 -0.543396
0.323570 -0.561635
0.341293 -0.579874
0.360391 -0.598113
0.382793 -0.616352
0.407274 -0.634591
0.425776 -0.652830
0.434884 -0.671069
0.433429 -0.707547
0.428377 -0.725786
0.420464 -0.762264
0.417867 -0.798742
0.420255 -0.835220
0.429942 -0.871698
0.436861 -0.889937
0.452055 -0.916619
0.471233 -0.941561
0.490411 -0.960058
0.509589 -0.974584
0.528767 -0.985037
0.567123 -0.998266
0.586301 -1.001976
0.624658 -1.003034
0.645303 -0.999371
0.682192 -0.989329
0.701370 -0.979248
0.726049 -0.962893
0.747258 -0.944654
0.764070 -0.926415
0.778082 -0.907198
0.797260 -0.881223
0.819422 -0.889937
0.830269 -0.926415
0.837294 -0.944654
0.854795 -0.980658
0.866210 -0.999371
0.881883 -1.017610
0.902470 -1.035849
0.931507 -1.053994
0.950685 -1.063796
0.986718 -1.072327
1.008219 -1.075419
1.046575 -1.072880
1.065753 -1.069462
1.103781 -1.054088
1.123288 -1.043526
1.142466 -1.028683
1.161644 -1.009504
1.180822 -0.983810
1.194164 -0.962893
1.201976 -0.944654
1.218769 -0.908176
1.237346 -0.889937
1.257534 -0.884962
1.295890 -0.886855
1.298023 -0.908176
1.285683 -0.926415
1.275244 -0.944654
1.258041 -0.981132
1.251256 -0.999371
1.245605 -1.035849
1.246963 -1.072327
1.256474 -1.108805
1.262665 -1.127044
1.276712 -1.151645
1.295890 -1.177234
1.315068 -1.196007
nan nan
1.449315 -0.853815
1.430137 -0.852560
1.400080 -0.835220
1.410959 -0.815094
1.430137 -0.787283
1.447983 -0.762264
1.468493 -0.746943
1.486232 -0.780503
1.490551 -0.798742
1.495152 -0.835220
1.473956 -0.853459
1.449315 -0.853815
nan nan
1.315068 0.618082
1.353425 0.612296
1.391781 0.622474
1.410959 0.633064
1.430137 0.649074
1.449315 0.670782
1.466247 0.696855
1.475425 0.715094
1.485594 0.751572
1.487671 0.774013
1.487671 0.799481
1.485299 0.824528
1.474546 0.861006
1.465389 0.879245
1.449315 0.903403
1.430137 0.925364
1.410959 0.941803
1.391781 0.953671
1.353425 0.970126
1.334247 0.975949
1.295890 0.979962
1.257534 0.975530
1.238356 0.969696
1.200000 0.952379
1.180822 0.940370
1.161644 0.923530
1.142466 0.900463
1.128769 0.879245
1.122099 0.861006
1.116878 0.824528
1.123288 0.797868
1.133430 0.769811
1.144260 0.751572
1.161644 0.727408
1.180822 0.704196
1.200000 0.684471
1.219178 0.667893
1.238356 0.654092
1.258987 0.642138
1.295890 0.624923
1.315068 0.618082
nan nan
