x y
0.058825 0.185351
0.063967 0.238653
0.113461 0.231356
0.162043 0.287946
0.264330 0.272602
0.266760 0.049591
0.363012 0.334835
0.421981 0.294141
0.459731 0.230295
0.595056 0.599323
0.794052 0.627917
0.798062 0.561534
0.929492 0.644866
1.064521 0.914819
1.194785 0.983937
1.460441 1.192286
1.618207 0.996789
1.658623 1.152422
1.700914 1.201886
1.761509 1.154394
1.771011 0.625228
1.840181 1.148238
1.919952 0.990605
1.989691 0.977105
1.999583 0.965155
2.051035 0.944298
2.117249 0.902286
2.155738 0.779908
2.321330 0.446080
2.457493 0.615638
2.480854 0.493141
2.516433 0.747252
2.687980 0.394901
2.844572 0.305194
2.876879 0.134192
2.916060 0.147032
2.928025 0.210218
2.937934 -0.020553
3.030915 0.155554
3.031804 0.093657
3.143143 -0.179408
3.207522 -0.425617
3.289495 -0.070406
3.365269 -0.266454
3.454560 -0.387385
3.559742 -0.441493
3.694121 -0.252369
3.708618 -0.544596
3.709696 -0.525041
3.716417 -0.766748
3.724069 -0.302993
3.728239 -0.415948
3.768452 -0.426564
3.795775 -0.601359
3.818362 -0.488779
3.828841 -0.578770
3.871705 -0.574975
3.890515 -0.703679
3.924780 -0.926625
3.980386 -0.589509
