x y
1.691620 3.205982
2.918274 2.716560
3.240906 1.791350
3.154699 2.723248
1.635125 0.657071
2.028885 2.384285
2.281264 1.959476
3.601277 3.755938
1.124710 4.222405
2.938247 2.850753
2.873801 3.226455
0.783772 3.079899
2.238635 1.719151
3.328373 2.380833
1.704181 2.028535
1.908904 1.309024
2.608058 3.932399
3.574593 1.748957
3.070842 2.024789
1.518852 0.233985
0.992600 1.031710
2.964106 1.870433
3.778874 1.992818
2.814741 2.073431
2.230067 1.863820
0.517035 1.766114
1.347049 1.095425
4.232179 2.625847
2.502902 3.050387
3.731791 1.606398
2.813533 1.989843
1.850552 0.966863
2.248603 2.388646
1.102878 1.671804
1.523099 1.074885
2.120021 2.849790
1.255631 2.480865
2.409313 1.825555
-0.179775 1.592316
2.314922 2.412370
