x y
1.436378 1.700000
1.445052 1.663522
1.449315 1.645218
1.457757 1.608805
1.465916 1.572327
1.469906 1.554088
1.477725 1.517610
1.485179 1.481132
1.488785 1.462893
1.495789 1.426415
1.502367 1.389937
1.506849 1.363627
1.511492 1.335220
1.517040 1.298742
1.522093 1.262264
1.526027 1.230923
1.528765 1.207547
1.532585 1.171069
1.535843 1.134591
1.538521 1.098113
1.540601 1.061635
1.542065 1.025157
1.542891 0.988679
1.543056 0.952201
1.542536 0.915723
1.541304 0.879245
1.539328 0.842767
1.536576 0.806289
1.533010 0.769811
1.528590 0.733333
1.526027 0.714976
1.520334 0.678616
1.513655 0.642138
1.506849 0.609797
1.501742 0.587421
1.492461 0.550943
1.487378 0.532704
1.476347 0.496226
1.468493 0.472676
1.457325 0.441509
1.449315 0.420913
1.435009 0.386792
1.426751 0.368553
1.410959 0.336186
1.399174 0.313836
1.388949 0.295597
1.372603 0.268448
1.354554 0.240881
1.341624 0.222642
1.327876 0.204403
1.313211 0.186164
1.295890 0.166182
1.276712 0.145870
1.257534 0.127285
1.238356 0.110309
1.219178 0.094837
1.193949 0.076730
1.164736 0.058491
1.142466 0.046494
1.123288 0.037482
1.084932 0.022842
1.065753 0.017138
1.027397 0.008834
0.989041 0.004507
0.950685 0.003982
0.912329 0.007112
0.873973 0.013762
0.841971 0.022013
0.816438 0.030028
0.789392 0.040252
0.758904 0.053331
0.739726 0.062548
0.712748 0.076730
0.682192 0.094106
0.663014 0.105801
0.643836 0.118027
0.623618 0.131447
0.597226 0.149686
0.571693 0.167925
0.547945 0.185331
0.528767 0.199656
0.509589 0.214139
0.490411 0.228717
0.471233 0.243330
0.450465 0.259119
0.426289 0.277358
0.401767 0.295597
0.376743 0.313836
0.356164 0.328454
0.336986 0.341695
0.317808 0.354519
0.295929 0.368553
0.265851 0.386792
0.241096 0.400858
0.221918 0.411011
0.196721 0.423270
0.164384 0.437480
0.145205 0.444889
0.106849 0.457433
0.087671 0.462532
0.049315 0.470278
0.010959 0.474601
-0.027397 0.475369
-0.065753 0.472422
-0.104110 0.465560
-0.125982 0.459748
-0.161644 0.447458
-0.180822 0.439205
-0.211822 0.423270
-0.238356 0.407238
-0.257534 0.393999
-0.276712 0.379360
-0.295890 0.363249
-0.315068 0.345579
-0.334247 0.326245
-0.353425 0.305132
-0.372603 0.282109
-0.390225 0.259119
-0.403248 0.240881
-0.415582 0.222642
-0.430137 0.199733
-0.448834 0.167925
-0.458820 0.149686
-0.468493 0.131208
-0.486153 0.094969
-0.494455 0.076730
-0.506849 0.047843
-0.517275 0.022013
-0.526027 -0.001105
-0.537305 -0.032704
-0.545205 -0.056511
-0.554900 -0.087421
-0.564384 -0.120325
-0.570322 -0.142138
-0.579498 -0.178616
-0.583763 -0.196855
-0.591754 -0.233333
-0.598952 -0.269811
-0.602740 -0.290812
-0.608428 -0.324528
-0.613892 -0.361006
-0.618686 -0.397484
-0.621918 -0.425612
-0.624725 -0.452201
-0.628014 -0.488679
-0.630714 -0.525157
-0.632845 -0.561635
-0.634426 -0.598113
-0.635473 -0.634591
-0.636000 -0.671069
-0.636021 -0.707547
-0.635548 -0.744025
-0.634591 -0.780503
-0.633160 -0.816981
-0.631264 -0.853459
-0.628910 -0.889937
-0.626105 -0.926415
-0.622855 -0.962893
-0.621079 -0.981132
-0.617237 -1.017610
-0.612970 -1.054088
-0.608280 -1.090566
-0.603172 -1.127044
-0.600496 -1.145283
-0.594851 -1.181761
nan nan
