x f up dn
0.000000 0.226412 0.526412 -0.073588
0.040404 0.234664 0.534664 -0.065336
0.080808 0.243740 0.543740 -0.056260
0.121212 0.253685 0.553685 -0.046315
0.161616 0.264540 0.564540 -0.035460
0.202020 0.276340 0.576340 -0.023660
0.242424 0.289119 0.589119 -0.010881
0.282828 0.302900 0.602900 0.002900
0.323232 0.317704 0.617704 0.017704
0.363636 0.333539 0.633539 0.033539
0.404040 0.350408 0.650408 0.050408
0.444444 0.368302 0.668302 0.068302
0.484848 0.387200 0.687200 0.087200
0.525253 0.407072 0.707072 0.107072
0.565657 0.427874 0.727874 0.127874
0.606061 0.449551 0.749551 0.149551
0.646465 0.472032 0.772032 0.172032
0.686869 0.495235 0.795235 0.195235
0.727273 0.519064 0.819064 0.219064
0.767677 0.543412 0.843412 0.243412
0.808081 0.568156 0.868156 0.268156
0.848485 0.593165 0.893165 0.293165
0.888889 0.618295 0.918295 0.318295
0.929293 0.643394 0.943394 0.343394
0.969697 0.668301 0.968301 0.368301
1.010101 0.692849 0.992849 0.392849
1.050505 0.716866 1.016866 0.416866
1.090909 0.740178 1.040178 0.440178
1.131313 0.762610 1.062610 0.462610
1.171717 0.783989 1.083989 0.483989
1.212121 0.804144 1.104144 0.504144
1.252525 0.822912 1.122912 0.522912
1.292929 0.840138 1.140138 0.540138
1.333333 0.855674 1.155674 0.555674
1.373737 0.869388 1.169388 0.569388
1.414141 0.881160 1.181160 0.581160
1.454545 0.890884 1.190884 0.590884
1.494949 0.898474 1.198474 0.598474
1.535354 0.903857 1.203857 0.603857
1.575758 0.906982 1.206982 0.606982
1.616162 0.907814 1.207814 0.607814
1.656566 0.906340 1.206340 0.606340
1.696970 0.902562 1.202562 0.602562
1.737374 0.896502 1.196502 0.596502
1.777778 0.888197 1.188197 0.588197
1.818182 0.877701 1.177701 0.577701
1.858586 0.865084 1.165084 0.565084
1.898990 0.850424 1.150424 0.550424
1.939394 0.833815 1.133815 0.533815
1.979798 0.815355 1.115355 0.515355
2.020202 0.795153 1.095153 0.495153
2.060606 0.773319 1.073319 0.473319
2.101010 0.749967 1.049967 0.449967
2.141414 0.725212 1.025212 0.425212
2.181818 0.699165 0.999165 0.399165
2.222222 0.671937 0.971937 0.371937
2.262626 0.643631 0.943631 0.343631
2.303030 0.614346 0.914346 0.314346
2.343434 0.584171 0.884171 0.284171
2.383838 0.553190 0.853190 0.253190
2.424242 0.521475 0.821475 0.221475
2.464646 0.489091 0.789091 0.189091
2.505051 0.456096 0.756096 0.156096
2.545455 0.422535 0.722535 0.122535
2.585859 0.388451 0.688451 0.088451
2.626263 0.353877 0.653877 0.053877
2.666667 0.318841 0.618841 0.018841
2.707071 0.283370 0.583370 -0.016630
2.747475 0.247488 0.547488 -0.052512
2.787879 0.211216 0.511216 -0.088784
2.828283 0.174582 0.474582 -0.125418
2.868687 0.137613 0.437613 -0.162387
2.909091 0.100344 0.400344 -0.199656
2.949495 0.062817 0.362817 -0.237183
2.989899 0.025083 0.325083 -0.274917
3.030303 -0.012797 0.287203 -0.312797
3.070707 -0.050751 0.249249 -0.350751
3.111111 -0.088694 0.211306 -0.388694
3.151515 -0.126526 0.173474 -0.426526
3.191919 -0.164138 0.135862 -0.464138
3.232323 -0.201403 0.098597 -0.501403
3.272727 -0.238185 0.061815 -0.538185
3.313131 -0.274336 0.025664 -0.574336
3.353535 -0.309694 -0.009694 -0.609694
3.393939 -0.344092 -0.044092 -0.644092
3.434343 -0.377355 -0.077355 -0.677355
3.474747 -0.409302 -0.109302 -0.709302
3.515152 -0.439750 -0.139750 -0.739750
3.555556 -0.468519 -0.168519 -0.768519
3.595960 -0.495429 -0.195429 -0.795429
3.636364 -0.520308 -0.220308 -0.820308
3.676768 -0.542993 -0.242993 -0.842993
3.717172 -0.563332 -0.263332 -0.863332
3.757576 -0.581189 -0.281189 -0.881189
3.797980 -0.596443 -0.296443 -0.896443
3.838384 -0.608996 -0.308996 -0.908996
3.878788 -0.618769 -0.318769 -0.918769
3.919192 -0.625707 -0.325707 -0.925707
3.959596 -0.629778 -0.329778 -0.929778
4.000000 -0.630978 -0.330978 -0.930978
