x y c
-1.500000 -1.100000 0
-1.450000 -1.100000 0
-1.400000 -1.100000 0
-1.350000 -1.100000 0
-1.300000 -1.100000 0
-1.250000 -1.100000 0
-1.200000 -1.100000 0
-1.150000 -1.100000 0
-1.100000 -1.100000 0
-1.050000 -1.100000 0
-1.000000 -1.100000 0
-0.950000 -1.100000 0
-0.900000 -1.100000 0
-0.850000 -1.100000 0
-0.800000 -1.100000 0
-0.750000 -1.100000 0
-0.700000 -1.100000 0
-0.650000 -1.100000 0
-0.600000 -1.100000 0
-0.550000 -1.100000 0
-0.500000 -1.100000 0
-0.450000 -1.100000 0
-0.400000 -1.100000 0
-0.350000 -1.100000 1
-0.300000 -1.100000 1
-0.250000 -1.100000 1
-0.200000 -1.100000 1
-0.150000 -1.100000 1
-0.100000 -1.100000 1
-0.050000 -1.100000 1
0.000000 -1.100000 1
0.050000 -1.100000 1
0.100000 -1.100000 1
0.150000 -1.100000 1
0.200000 -1.100000 1
0.250000 -1.100000 1
0.300000 -1.100000 1
0.350000 -1.100000 1
0.400000 -1.100000 1
0.450000 -1.100000 1
0.500000 -1.100000 1
0.550000 -1.100000 1
0.600000 -1.100000 1
0.650000 -1.100000 1
0.700000 -1.100000 1
0.750000 -1.100000 1
0.800000 -1.100000 1
0.850000 -1.100000 1
0.900000 -1.100000 1
0.950000 -1.100000 1
1.000000 -1.100000 1
1.050000 -1.100000 1
1.100000 -1.100000 1
1.150000 -1.100000 1
1.200000 -1.100000 1
1.250000 -1.100000 1
1.300000 -1.100000 1
1.350000 -1.100000 1
1.400000 -1.100000 1
1.450000 -1.100000 1
1.500000 -1.100000 1
1.550000 -1.100000 1
1.600000 -1.100000 1
1.650000 -1.100000 1
1.700000 -1.100000 1
1.750000 -1.100000 1
1.800000 -1.100000 1
1.850000 -1.100000 1
1.900000 -1.100000 1
1.950000 -1.100000 1
2.000000 -1.100000 1
2.050000 -1.100000 1
2.100000 -1.100000 1
2.150000 -1.100000 1
2.200000 -1.100000 1
2.250000 -1.100000 1
2.300000 -1.100000 1
2.350000 -1.100000 1
2.400000 -1.100000 1
2.450000 -1.100000 1
2.500000 -1.100000 1
-1.500000 -1.050000 0
-1.450000 -1.050000 0
-1.400000 -1.050000 0
-1.350000 -1.050000 0
-1.300000 -1.050000 0
-1.250000 -1.050000 0
-1.200000 -1.050000 0
-1.150000 -1.050000 0
-1.100000 -1.050000 0
-1.050000 -1.050000 0
-1.000000 -1.050000 0
-0.950000 -1.050000 0
-0.900000 -1.050000 0
-0.850000 -1.050000 0
-0.800000 -1.050000 0
-0.750000 -1.050000 0
-0.700000 -1.050000 0
-0.650000 -1.050000 0
-0.600000 -1.050000 0
-0.550000 -1.050000 0
-0.500000 -1.050000 0
-0.450000 -1.050000 0
-0.400000 -1.050000 0
-0.350000 -1.050000 1
-0.300000 -1.050000 1
-0.250000 -1.050000 1
-0.200000 -1.050000 1
-0.150000 -1.050000 1
-0.100000 -1.050000 1
-0.050000 -1.050000 1
0.000000 -1.050000 1
0.050000 -1.050000 1
0.100000 -1.050000 1
0.150000 -1.050000 1
0.200000 -1.050000 1
0.250000 -1.050000 1
0.300000 -1.050000 1
0.350000 -1.050000 1
0.400000 -1.050000 1
0.450000 -1.050000 1
0.500000 -1.050000 1
0.550000 -1.050000 1
0.600000 -1.050000 1
0.650000 -1.050000 1
0.700000 -1.050000 1
0.750000 -1.050000 1
0.800000 -1.050000 1
0.850000 -1.050000 1
0.900000 -1.050000 1
0.950000 -1.050000 1
1.000000 -1.050000 1
1.050000 -1.050000 1
1.100000 -1.050000 1
1.150000 -1.050000 1
1.200000 -1.050000 1
1.250000 -1.050000 1
1.300000 -1.050000 1
1.350000 -1.050000 1
1.400000 -1.050000 1
1.450000 -1.050000 1
1.500000 -1.050000 1
1.550000 -1.050000 1
1.600000 -1.050000 1
1.650000 -1.050000 1
1.700000 -1.050000 1
1.750000 -1.050000 1
1.800000 -1.050000 1
1.850000 -1.050000 1
1.900000 -1.050000 1
1.950000 -1.050000 1
2.000000 -1.050000 1
2.050000 -1.050000 1
2.100000 -1.050000 1
2.150000 -1.050000 1
2.200000 -1.050000 1
2.250000 -1.050000 1
2.300000 -1.050000 1
2.350000 -1.050000 1
2.400000 -1.050000 1
2.450000 -1.050000 1
2.500000 -1.050000 1
-1.500000 -1.000000 0
-1.450000 -1.000000 0
-1.400000 -1.000000 0
-1.350000 -1.000000 0
-1.300000 -1.000000 0
-1.250000 -1.000000 0
-1.200000 -1.000000 0
-1.150000 -1.000000 0
-1.100000 -1.000000 0
-1.050000 -1.000000 0
-1.000000 -1.000000 0
-0.950000 -1.000000 0
-0.900000 -1.000000 0
-0.850000 -1.000000 0
-0.800000 -1.000000 0
-0.750000 -1.000000 0
-0.700000 -1.000000 0
-0.650000 -1.000000 0
-0.600000 -1.000000 0
-0.550000 -1.000000 0
-0.500000 -1.000000 0
-0.450000 -1.000000 0
-0.400000 -1.000000 0
-0.350000 -1.000000 1
-0.300000 -1.000000 1
-0.250000 -1.000000 1
-0.200000 -1.000000 1
-0.150000 -1.000000 1
-0.100000 -1.000000 1
-0.050000 -1.000000 1
0.000000 -1.000000 1
0.050000 -1.000000 1
0.100000 -1.000000 1
0.150000 -1.000000 1
0.200000 -1.000000 1
0.250000 -1.000000 1
0.300000 -1.000000 1
0.350000 -1.000000 1
0.400000 -1.000000 1
0.450000 -1.000000 1
0.500000 -1.000000 1
0.550000 -1.000000 1
0.600000 -1.000000 1
0.650000 -1.000000 1
0.700000 -1.000000 1
0.750000 -1.000000 1
0.800000 -1.000000 1
0.850000 -1.000000 1
0.900000 -1.000000 1
0.950000 -1.000000 1
1.000000 -1.000000 1
1.050000 -1.000000 1
1.100000 -1.000000 1
1.150000 -1.000000 1
1.200000 -1.000000 1
1.250000 -1.000000 1
1.300000 -1.000000 1
1.350000 -1.000000 1
1.400000 -1.000000 1
1.450000 -1.000000 1
1.500000 -1.000000 1
1.550000 -1.000000 1
1.600000 -1.000000 1
1.650000 -1.000000 1
1.700000 -1.000000 1
1.750000 -1.000000 1
1.800000 -1.000000 1
1.850000 -1.000000 1
1.900000 -1.000000 1
1.950000 -1.000000 1
2.000000 -1.000000 1
2.050000 -1.000000 1
2.100000 -1.000000 1
2.150000 -1.000000 1
2.200000 -1.000000 1
2.250000 -1.000000 1
2.300000 -1.000000 1
2.350000 -1.000000 1
2.400000 -1.000000 1
2.450000 -1.000000 1
2.500000 -1.000000 1
-1.500000 -0.950000 0
-1.450000 -0.950000 0
-1.400000 -0.950000 0
-1.350000 -0.950000 0
-1.300000 -0.950000 0
-1.250000 -0.950000 0
-1.200000 -0.950000 0
-1.150000 -0.950000 0
-1.100000 -0.950000 0
-1.050000 -0.950000 0
-1.000000 -0.950000 0
-0.950000 -0.950000 0
-0.900000 -0.950000 0
-0.850000 -0.950000 0
-0.800000 -0.950000 0
-0.750000 -0.950000 0
-0.700000 -0.950000 0
-0.650000 -0.950000 0
-0.600000 -0.950000 0
-0.550000 -0.950000 0
-0.500000 -0.950000 0
-0.450000 -0.950000 0
-0.400000 -0.950000 0
-0.350000 -0.950000 1
-0.300000 -0.950000 1
-0.250000 -0.950000 1
-0.200000 -0.950000 1
-0.150000 -0.950000 1
-0.100000 -0.950000 1
-0.050000 -0.950000 1
0.000000 -0.950000 1
0.050000 -0.950000 1
0.100000 -0.950000 1
0.150000 -0.950000 1
0.200000 -0.950000 1
0.250000 -0.950000 1
0.300000 -0.950000 1
0.350000 -0.950000 1
0.400000 -0.950000 1
0.450000 -0.950000 1
0.500000 -0.950000 1
0.550000 -0.950000 1
0.600000 -0.950000 1
0.650000 -0.950000 1
0.700000 -0.950000 1
0.750000 -0.950000 1
0.800000 -0.950000 1
0.850000 -0.950000 1
0.900000 -0.950000 1
0.950000 -0.950000 1
1.000000 -0.950000 1
1.050000 -0.950000 1
1.100000 -0.950000 1
1.150000 -0.950000 1
1.200000 -0.950000 1
1.250000 -0.950000 1
1.300000 -0.950000 1
1.350000 -0.950000 1
1.400000 -0.950000 1
1.450000 -0.950000 1
1.500000 -0.950000 1
1.550000 -0.950000 1
1.600000 -0.950000 1
1.650000 -0.950000 1
1.700000 -0.950000 1
1.750000 -0.950000 1
1.800000 -0.950000 1
1.850000 -0.950000 1
1.900000 -0.950000 1
1.950000 -0.950000 1
2.000000 -0.950000 1
2.050000 -0.950000 1
2.100000 -0.950000 1
2.150000 -0.950000 1
2.200000 -0.950000 1
2.250000 -0.950000 1
2.300000 -0.950000 1
2.350000 -0.950000 1
2.400000 -0.950000 1
2.450000 -0.950000 1
2.500000 -0.950000 1
-1.500000 -0.900000 0
-1.450000 -0.900000 0
-1.400000 -0.900000 0
-1.350000 -0.900000 0
-1.300000 -0.900000 0
-1.250000 -0.900000 0
-1.200000 -0.900000 0
-1.150000 -0.900000 0
-1.100000 -0.900000 0
-1.050000 -0.900000 0
-1.000000 -0.900000 0
-0.950000 -0.900000 0
-0.900000 -0.900000 0
-0.850000 -0.900000 0
-0.800000 -0.900000 0
-0.750000 -0.900000 0
-0.700000 -0.900000 0
-0.650000 -0.900000 0
-0.600000 -0.900000 0
-0.550000 -0.900000 0
-0.500000 -0.900000 0
-0.450000 -0.900000 0
-0.400000 -0.900000 0
-0.350000 -0.900000 1
-0.300000 -0.900000 1
-0.250000 -0.900000 1
-0.200000 -0.900000 1
-0.150000 -0.900000 1
-0.100000 -0.900000 1
-0.050000 -0.900000 1
0.000000 -0.900000 1
0.050000 -0.900000 1
0.100000 -0.900000 1
0.150000 -0.900000 1
0.200000 -0.900000 1
0.250000 -0.900000 1
0.300000 -0.900000 1
0.350000 -0.900000 1
0.400000 -0.900000 1
0.450000 -0.900000 1
0.500000 -0.900000 1
0.550000 -0.900000 1
0.600000 -0.900000 1
0.650000 -0.900000 1
0.700000 -0.900000 1
0.750000 -0.900000 1
0.800000 -0.900000 1
0.850000 -0.900000 1
0.900000 -0.900000 1
0.950000 -0.900000 1
1.000000 -0.900000 1
1.050000 -0.900000 1
1.100000 -0.900000 1
1.150000 -0.900000 1
1.200000 -0.900000 1
1.250000 -0.900000 1
1.300000 -0.900000 1
1.350000 -0.900000 1
1.400000 -0.900000 1
1.450000 -0.900000 1
1.500000 -0.900000 1
1.550000 -0.900000 1
1.600000 -0.900000 1
1.650000 -0.900000 1
1.700000 -0.900000 1
1.750000 -0.900000 1
1.800000 -0.900000 1
1.850000 -0.900000 1
1.900000 -0.900000 1
1.950000 -0.900000 1
2.000000 -0.900000 1
2.050000 -0.900000 1
2.100000 -0.900000 1
2.150000 -0.900000 1
2.200000 -0.900000 1
2.250000 -0.900000 1
2.300000 -0.900000 1
2.350000 -0.900000 1
2.400000 -0.900000 1
2.450000 -0.900000 1
2.500000 -0.900000 1
-1.500000 -0.850000 0
-1.450000 -0.850000 0
-1.400000 -0.850000 0
-1.350000 -0.850000 0
-1.300000 -0.850000 0
-1.250000 -0.850000 0
-1.200000 -0.850000 0
-1.150000 -0.850000 0
-1.100000 -0.850000 0
-1.050000 -0.850000 0
-1.000000 -0.850000 0
-0.950000 -0.850000 0
-0.900000 -0.850000 0
-0.850000 -0.850000 0
-0.800000 -0.850000 0
-0.750000 -0.850000 0
-0.700000 -0.850000 0
-0.650000 -0.850000 0
-0.600000 -0.850000 0
-0.550000 -0.850000 0
-0.500000 -0.850000 0
-0.450000 -0.850000 0
-0.400000 -0.850000 0
-0.350000 -0.850000 1
-0.300000 -0.850000 1
-0.250000 -0.850000 1
-0.200000 -0.850000 1
-0.150000 -0.850000 1
-0.100000 -0.850000 1
-0.050000 -0.850000 1
0.000000 -0.850000 1
0.050000 -0.850000 1
0.100000 -0.850000 1
0.150000 -0.850000 1
0.200000 -0.850000 1
0.250000 -0.850000 1
0.300000 -0.850000 1
0.350000 -0.850000 1
0.400000 -0.850000 1
0.450000 -0.850000 1
0.500000 -0.850000 1
0.550000 -0.850000 1
0.600000 -0.850000 1
0.650000 -0.850000 1
0.700000 -0.850000 1
0.750000 -0.850000 1
0.800000 -0.850000 1
0.850000 -0.850000 1
0.900000 -0.850000 1
0.950000 -0.850000 1
1.000000 -0.850000 1
1.050000 -0.850000 1
1.100000 -0.850000 1
1.150000 -0.850000 1
1.200000 -0.850000 1
1.250000 -0.850000 1
1.300000 -0.850000 1
1.350000 -0.850000 1
1.400000 -0.850000 1
1.450000 -0.850000 1
1.500000 -0.850000 1
1.550000 -0.850000 1
1.600000 -0.850000 1
1.650000 -0.850000 1
1.700000 -0.850000 1
1.750000 -0.850000 1
1.800000 -0.850000 1
1.850000 -0.850000 1
1.900000 -0.850000 1
1.950000 -0.850000 1
2.000000 -0.850000 1
2.050000 -0.850000 1
2.100000 -0.850000 1
2.150000 -0.850000 1
2.200000 -0.850000 1
2.250000 -0.850000 1
2.300000 -0.850000 1
2.350000 -0.850000 1
2.400000 -0.850000 1
2.450000 -0.850000 1
2.500000 -0.850000 1
-1.500000 -0.800000 0
-1.450000 -0.800000 0
-1.400000 -0.800000 0
-1.350000 -0.800000 0
-1.300000 -0.800000 0
-1.250000 -0.800000 0
-1.200000 -0.800000 0
-1.150000 -0.800000 0
-1.100000 -0.800000 0
-1.050000 -0.800000 0
-1.000000 -0.800000 0
-0.950000 -0.800000 0
-0.900000 -0.800000 0
-0.850000 -0.800000 0
-0.800000 -0.800000 0
-0.750000 -0.800000 0
-0.700000 -0.800000 0
-0.650000 -0.800000 0
-0.600000 -0.800000 0
-0.550000 -0.800000 0
-0.500000 -0.800000 0
-0.450000 -0.800000 0
-0.400000 -0.800000 0
-0.350000 -0.800000 1
-0.300000 -0.800000 1
-0.250000 -0.800000 1
-0.200000 -0.800000 1
-0.150000 -0.800000 1
-0.100000 -0.800000 1
-0.050000 -0.800000 1
0.000000 -0.800000 1
0.050000 -0.800000 1
0.100000 -0.800000 1
0.150000 -0.800000 1
0.200000 -0.800000 1
0.250000 -0.800000 1
0.300000 -0.800000 1
0.350000 -0.800000 1
0.400000 -0.800000 1
0.450000 -0.800000 1
0.500000 -0.800000 1
0.550000 -0.800000 1
0.600000 -0.800000 1
0.650000 -0.800000 1
0.700000 -0.800000 1
0.750000 -0.800000 1
0.800000 -0.800000 1
0.850000 -0.800000 1
0.900000 -0.800000 1
0.950000 -0.800000 1
1.000000 -0.800000 1
1.050000 -0.800000 1
1.100000 -0.800000 1
1.150000 -0.800000 1
1.200000 -0.800000 1
1.250000 -0.800000 1
1.300000 -0.800000 1
1.350000 -0.800000 1
1.400000 -0.800000 1
1.450000 -0.800000 1
1.500000 -0.800000 1
1.550000 -0.800000 1
1.600000 -0.800000 1
1.650000 -0.800000 1
1.700000 -0.800000 1
1.750000 -0.800000 1
1.800000 -0.800000 1
1.850000 -0.800000 1
1.900000 -0.800000 1
1.950000 -0.800000 1
2.000000 -0.800000 1
2.050000 -0.800000 1
2.100000 -0.800000 1
2.150000 -0.800000 1
2.200000 -0.800000 1
2.250000 -0.800000 1
2.300000 -0.800000 1
2.350000 -0.800000 1
2.400000 -0.800000 1
2.450000 -0.800000 1
2.500000 -0.800000 1
-1.500000 -0.750000 0
-1.450000 -0.750000 0
-1.400000 -0.750000 0
-1.350000 -0.750000 0
-1.300000 -0.750000 0
-1.250000 -0.750000 0
-1.200000 -0.750000 0
-1.150000 -0.750000 0
-1.100000 -0.750000 0
-1.050000 -0.750000 0
-1.000000 -0.750000 0
-0.950000 -0.750000 0
-0.900000 -0.750000 0
-0.850000 -0.750000 0
-0.800000 -0.750000 0
-0.750000 -0.750000 0
-0.700000 -0.750000 0
-0.650000 -0.750000 0
-0.600000 -0.750000 0
-0.550000 -0.750000 0
-0.500000 -0.750000 0
-0.450000 -0.750000 0
-0.400000 -0.750000 0
-0.350000 -0.750000 1
-0.300000 -0.750000 1
-0.250000 -0.750000 1
-0.200000 -0.750000 1
-0.150000 -0.750000 1
-0.100000 -0.750000 1
-0.050000 -0.750000 1
0.000000 -0.750000 1
0.050000 -0.750000 1
0.100000 -0.750000 1
0.150000 -0.750000 1
0.200000 -0.750000 1
0.250000 -0.750000 1
0.300000 -0.750000 1
0.350000 -0.750000 1
0.400000 -0.750000 1
0.450000 -0.750000 1
0.500000 -0.750000 1
0.550000 -0.750000 1
0.600000 -0.750000 1
0.650000 -0.750000 1
0.700000 -0.750000 1
0.750000 -0.750000 1
0.800000 -0.750000 1
0.850000 -0.750000 1
0.900000 -0.750000 1
0.950000 -0.750000 1
1.000000 -0.750000 1
1.050000 -0.750000 1
1.100000 -0.750000 1
1.150000 -0.750000 1
1.200000 -0.750000 1
1.250000 -0.750000 1
1.300000 -0.750000 1
1.350000 -0.750000 1
1.400000 -0.750000 1
1.450000 -0.750000 1
1.500000 -0.750000 1
1.550000 -0.750000 1
1.600000 -0.750000 1
1.650000 -0.750000 1
1.700000 -0.750000 1
1.750000 -0.750000 1
1.800000 -0.750000 1
1.850000 -0.750000 1
1.900000 -0.750000 1
1.950000 -0.750000 1
2.000000 -0.750000 1
2.050000 -0.750000 1
2.100000 -0.750000 1
2.150000 -0.750000 1
2.200000 -0.750000 1
2.250000 -0.750000 1
2.300000 -0.750000 1
2.350000 -0.750000 1
2.400000 -0.750000 1
2.450000 -0.750000 1
2.500000 -0.750000 1
-1.500000 -0.700000 0
-1.450000 -0.700000 0
-1.400000 -0.700000 0
-1.350000 -0.700000 0
-1.300000 -0.700000 0
-1.250000 -0.700000 0
-1.200000 -0.700000 0
-1.150000 -0.700000 0
-1.100000 -0.700000 0
-1.050000 -0.700000 0
-1.000000 -0.700000 0
-0.950000 -0.700000 0
-0.900000 -0.700000 0
-0.850000 -0.700000 0
-0.800000 -0.700000 0
-0.750000 -0.700000 0
-0.700000 -0.700000 0
-0.650000 -0.700000 0
-0.600000 -0.700000 0
-0.550000 -0.700000 0
-0.500000 -0.700000 0
-0.450000 -0.700000 0
-0.400000 -0.700000 0
-0.350000 -0.700000 1
-0.300000 -0.700000 1
-0.250000 -0.700000 1
-0.200000 -0.700000 1
-0.150000 -0.700000 1
-0.100000 -0.700000 1
-0.050000 -0.700000 1
0.000000 -0.700000 1
0.050000 -0.700000 1
0.100000 -0.700000 1
0.150000 -0.700000 1
0.200000 -0.700000 1
0.250000 -0.700000 1
0.300000 -0.700000 1
0.350000 -0.700000 1
0.400000 -0.700000 1
0.450000 -0.700000 1
0.500000 -0.700000 1
0.550000 -0.700000 1
0.600000 -0.700000 1
0.650000 -0.700000 1
0.700000 -0.700000 1
0.750000 -0.700000 1
0.800000 -0.700000 1
0.850000 -0.700000 1
0.900000 -0.700000 1
0.950000 -0.700000 1
1.000000 -0.700000 1
1.050000 -0.700000 1
1.100000 -0.700000 1
1.150000 -0.700000 1
1.200000 -0.700000 1
1.250000 -0.700000 1
1.300000 -0.700000 1
1.350000 -0.700000 1
1.400000 -0.700000 1
1.450000 -0.700000 1
1.500000 -0.700000 1
1.550000 -0.700000 1
1.600000 -0.700000 1
1.650000 -0.700000 1
1.700000 -0.700000 1
1.750000 -0.700000 1
1.800000 -0.700000 1
1.850000 -0.700000 1
1.900000 -0.700000 1
1.950000 -0.700000 1
2.000000 -0.700000 1
2.050000 -0.700000 1
2.100000 -0.700000 1
2.150000 -0.700000 1
2.200000 -0.700000 1
2.250000 -0.700000 1
2.300000 -0.700000 1
2.350000 -0.700000 1
2.400000 -0.700000 1
2.450000 -0.700000 1
2.500000 -0.700000 1
-1.500000 -0.650000 0
-1.450000 -0.650000 0
-1.400000 -0.650000 0
-1.350000 -0.650000 0
-1.300000 -0.650000 0
-1.250000 -0.650000 0
-1.200000 -0.650000 0
-1.150000 -0.650000 0
-1.100000 -0.650000 0
-1.050000 -0.650000 0
-1.000000 -0.650000 0
-0.950000 -0.650000 0
-0.900000 -0.650000 0
-0.850000 -0.650000 0
-0.800000 -0.650000 0
-0.750000 -0.650000 0
-0.700000 -0.650000 0
-0.650000 -0.650000 0
-0.600000 -0.650000 0
-0.550000 -0.650000 0
-0.500000 -0.650000 0
-0.450000 -0.650000 0
-0.400000 -0.650000 0
-0.350000 -0.650000 1
-0.300000 -0.650000 1
-0.250000 -0.650000 1
-0.200000 -0.650000 1
-0.150000 -0.650000 1
-0.100000 -0.650000 1
-0.050000 -0.650000 1
0.000000 -0.650000 1
0.050000 -0.650000 1
0.100000 -0.650000 1
0.150000 -0.650000 1
0.200000 -0.650000 1
0.250000 -0.650000 1
0.300000 -0.650000 1
0.350000 -0.650000 1
0.400000 -0.650000 1
0.450000 -0.650000 1
0.500000 -0.650000 1
0.550000 -0.650000 1
0.600000 -0.650000 1
0.650000 -0.650000 1
0.700000 -0.650000 1
0.750000 -0.650000 1
0.800000 -0.650000 1
0.850000 -0.650000 1
0.900000 -0.650000 1
0.950000 -0.650000 1
1.000000 -0.650000 1
1.050000 -0.650000 1
1.100000 -0.650000 1
1.150000 -0.650000 1
1.200000 -0.650000 1
1.250000 -0.650000 1
1.300000 -0.650000 1
1.350000 -0.650000 1
1.400000 -0.650000 1
1.450000 -0.650000 1
1.500000 -0.650000 1
1.550000 -0.650000 1
1.600000 -0.650000 1
1.650000 -0.650000 1
1.700000 -0.650000 1
1.750000 -0.650000 1
1.800000 -0.650000 1
1.850000 -0.650000 1
1.900000 -0.650000 1
1.950000 -0.650000 1
2.000000 -0.650000 1
2.050000 -0.650000 1
2.100000 -0.650000 1
2.150000 -0.650000 1
2.200000 -0.650000 1
2.250000 -0.650000 1
2.300000 -0.650000 1
2.350000 -0.650000 1
2.400000 -0.650000 1
2.450000 -0.650000 1
2.500000 -0.650000 1
-1.500000 -0.600000 0
-1.450000 -0.600000 0
-1.400000 -0.600000 0
-1.350000 -0.600000 0
-1.300000 -0.600000 0
-1.250000 -0.600000 0
-1.200000 -0.600000 0
-1.150000 -0.600000 0
-1.100000 -0.600000 0
-1.050000 -0.600000 0
-1.000000 -0.600000 0
-0.950000 -0.600000 0
-0.900000 -0.600000 0
-0.850000 -0.600000 0
-0.800000 -0.600000 0
-0.750000 -0.600000 0
-0.700000 -0.600000 0
-0.650000 -0.600000 0
-0.600000 -0.600000 0
-0.550000 -0.600000 0
-0.500000 -0.600000 0
-0.450000 -0.600000 0
-0.400000 -0.600000 0
-0.350000 -0.600000 1
-0.300000 -0.600000 1
-0.250000 -0.600000 1
-0.200000 -0.600000 1
-0.150000 -0.600000 1
-0.100000 -0.600000 1
-0.050000 -0.600000 1
0.000000 -0.600000 1
0.050000 -0.600000 1
0.100000 -0.600000 1
0.150000 -0.600000 1
0.200000 -0.600000 1
0.250000 -0.600000 1
0.300000 -0.600000 1
0.350000 -0.600000 1
0.400000 -0.600000 1
0.450000 -0.600000 1
0.500000 -0.600000 1
0.550000 -0.600000 1
0.600000 -0.600000 1
0.650000 -0.600000 1
0.700000 -0.600000 1
0.750000 -0.600000 1
0.800000 -0.600000 1
0.850000 -0.600000 1
0.900000 -0.600000 1
0.950000 -0.600000 1
1.000000 -0.600000 1
1.050000 -0.600000 1
1.100000 -0.600000 1
1.150000 -0.600000 1
1.200000 -0.600000 1
1.250000 -0.600000 1
1.300000 -0.600000 1
1.350000 -0.600000 1
1.400000 -0.600000 1
1.450000 -0.600000 1
1.500000 -0.600000 1
1.550000 -0.600000 1
1.600000 -0.600000 1
1.650000 -0.600000 1
1.700000 -0.600000 1
1.750000 -0.600000 1
1.800000 -0.600000 1
1.850000 -0.600000 1
1.900000 -0.600000 1
1.950000 -0.600000 1
2.000000 -0.600000 1
2.050000 -0.600000 1
2.100000 -0.600000 1
2.150000 -0.600000 1
2.200000 -0.600000 1
2.250000 -0.600000 1
2.300000 -0.600000 1
2.350000 -0.600000 1
2.400000 -0.600000 1
2.450000 -0.600000 1
2.500000 -0.600000 1
-1.500000 -0.550000 0
-1.450000 -0.550000 0
-1.400000 -0.550000 0
-1.350000 -0.550000 0
-1.300000 -0.550000 0
-1.250000 -0.550000 0
-1.200000 -0.550000 0
-1.150000 -0.550000 0
-1.100000 -0.550000 0
-1.050000 -0.550000 0
-1.000000 -0.550000 0
-0.950000 -0.550000 0
-0.900000 -0.550000 0
-0.850000 -0.550000 0
-0.800000 -0.550000 0
-0.750000 -0.550000 0
-0.700000 -0.550000 0
-0.650000 -0.550000 0
-0.600000 -0.550000 0
-0.550000 -0.550000 0
-0.500000 -0.550000 0
-0.450000 -0.550000 0
-0.400000 -0.550000 0
-0.350000 -0.550000 1
-0.300000 -0.550000 1
-0.250000 -0.550000 1
-0.200000 -0.550000 1
-0.150000 -0.550000 1
-0.100000 -0.550000 1
-0.050000 -0.550000 1
0.000000 -0.550000 1
0.050000 -0.550000 1
0.100000 -0.550000 1
0.150000 -0.550000 1
0.200000 -0.550000 1
0.250000 -0.550000 1
0.300000 -0.550000 1
0.350000 -0.550000 1
0.400000 -0.550000 1
0.450000 -0.550000 1
0.500000 -0.550000 1
0.550000 -0.550000 1
0.600000 -0.550000 1
0.650000 -0.550000 1
0.700000 -0.550000 1
0.750000 -0.550000 1
0.800000 -0.550000 1
0.850000 -0.550000 1
0.900000 -0.550000 1
0.950000 -0.550000 1
1.000000 -0.550000 1
1.050000 -0.550000 1
1.100000 -0.550000 1
1.150000 -0.550000 1
1.200000 -0.550000 1
1.250000 -0.550000 1
1.300000 -0.550000 1
1.350000 -0.550000 1
1.400000 -0.550000 1
1.450000 -0.550000 1
1.500000 -0.550000 1
1.550000 -0.550000 1
1.600000 -0.550000 1
1.650000 -0.550000 1
1.700000 -0.550000 1
1.750000 -0.550000 1
1.800000 -0.550000 1
1.850000 -0.550000 1
1.900000 -0.550000 1
1.950000 -0.550000 1
2.000000 -0.550000 1
2.050000 -0.550000 1
2.100000 -0.550000 1
2.150000 -0.550000 1
2.200000 -0.550000 1
2.250000 -0.550000 1
2.300000 -0.550000 1
2.350000 -0.550000 1
2.400000 -0.550000 1
2.450000 -0.550000 1
2.500000 -0.550000 1
-1.500000 -0.500000 0
-1.450000 -0.500000 0
-1.400000 -0.500000 0
-1.350000 -0.500000 0
-1.300000 -0.500000 0
-1.250000 -0.500000 0
-1.200000 -0.500000 0
-1.150000 -0.500000 0
-1.100000 -0.500000 0
-1.050000 -0.500000 0
-1.000000 -0.500000 0
-0.950000 -0.500000 0
-0.900000 -0.500000 0
-0.850000 -0.500000 0
-0.800000 -0.500000 0
-0.750000 -0.500000 0
-0.700000 -0.500000 0
-0.650000 -0.500000 0
-0.600000 -0.500000 0
-0.550000 -0.500000 0
-0.500000 -0.500000 0
-0.450000 -0.500000 0
-0.400000 -0.500000 0
-0.350000 -0.500000 1
-0.300000 -0.500000 1
-0.250000 -0.500000 1
-0.200000 -0.500000 1
-0.150000 -0.500000 1
-0.100000 -0.500000 1
-0.050000 -0.500000 1
0.000000 -0.500000 1
0.050000 -0.500000 1
0.100000 -0.500000 1
0.150000 -0.500000 1
0.200000 -0.500000 1
0.250000 -0.500000 1
0.300000 -0.500000 1
0.350000 -0.500000 1
0.400000 -0.500000 1
0.450000 -0.500000 1
0.500000 -0.500000 1
0.550000 -0.500000 1
0.600000 -0.500000 1
0.650000 -0.500000 1
0.700000 -0.500000 1
0.750000 -0.500000 1
0.800000 -0.500000 1
0.850000 -0.500000 1
0.900000 -0.500000 1
0.950000 -0.500000 1
1.000000 -0.500000 1
1.050000 -0.500000 1
1.100000 -0.500000 1
1.150000 -0.500000 1
1.200000 -0.500000 1
1.250000 -0.500000 1
1.300000 -0.500000 1
1.350000 -0.500000 1
1.400000 -0.500000 1
1.450000 -0.500000 1
1.500000 -0.500000 1
1.550000 -0.500000 1
1.600000 -0.500000 1
1.650000 -0.500000 1
1.700000 -0.500000 1
1.750000 -0.500000 1
1.800000 -0.500000 1
1.850000 -0.500000 1
1.900000 -0.500000 1
1.950000 -0.500000 1
2.000000 -0.500000 1
2.050000 -0.500000 1
2.100000 -0.500000 1
2.150000 -0.500000 1
2.200000 -0.500000 1
2.250000 -0.500000 1
2.300000 -0.500000 1
2.350000 -0.500000 1
2.400000 -0.500000 1
2.450000 -0.500000 1
2.500000 -0.500000 1
-1.500000 -0.450000 0
-1.450000 -0.450000 0
-1.400000 -0.450000 0
-1.350000 -0.450000 0
-1.300000 -0.450000 0
-1.250000 -0.450000 0
-1.200000 -0.450000 0
-1.150000 -0.450000 0
-1.100000 -0.450000 0
-1.050000 -0.450000 0
-1.000000 -0.450000 0
-0.950000 -0.450000 0
-0.900000 -0.450000 0
-0.850000 -0.450000 0
-0.800000 -0.450000 0
-0.750000 -0.450000 0
-0.700000 -0.450000 0
-0.650000 -0.450000 0
-0.600000 -0.450000 0
-0.550000 -0.450000 0
-0.500000 -0.450000 0
-0.450000 -0.450000 0
-0.400000 -0.450000 0
-0.350000 -0.450000 1
-0.300000 -0.450000 1
-0.250000 -0.450000 1
-0.200000 -0.450000 1
-0.150000 -0.450000 1
-0.100000 -0.450000 1
-0.050000 -0.450000 1
0.000000 -0.450000 1
0.050000 -0.450000 1
0.100000 -0.450000 1
0.150000 -0.450000 1
0.200000 -0.450000 1
0.250000 -0.450000 1
0.300000 -0.450000 1
0.350000 -0.450000 1
0.400000 -0.450000 1
0.450000 -0.450000 1
0.500000 -0.450000 1
0.550000 -0.450000 1
0.600000 -0.450000 1
0.650000 -0.450000 1
0.700000 -0.450000 1
0.750000 -0.450000 1
0.800000 -0.450000 1
0.850000 -0.450000 1
0.900000 -0.450000 1
0.950000 -0.450000 1
1.000000 -0.450000 1
1.050000 -0.450000 1
1.100000 -0.450000 1
1.150000 -0.450000 1
1.200000 -0.450000 1
1.250000 -0.450000 1
1.300000 -0.450000 1
1.350000 -0.450000 1
1.400000 -0.450000 1
1.450000 -0.450000 1
1.500000 -0.450000 1
1.550000 -0.450000 1
1.600000 -0.450000 1
1.650000 -0.450000 1
1.700000 -0.450000 1
1.750000 -0.450000 1
1.800000 -0.450000 1
1.850000 -0.450000 1
1.900000 -0.450000 1
1.950000 -0.450000 1
2.000000 -0.450000 1
2.050000 -0.450000 1
2.100000 -0.450000 1
2.150000 -0.450000 1
2.200000 -0.450000 1
2.250000 -0.450000 1
2.300000 -0.450000 1
2.350000 -0.450000 1
2.400000 -0.450000 1
2.450000 -0.450000 1
2.500000 -0.450000 1
-1.500000 -0.400000 0
-1.450000 -0.400000 0
-1.400000 -0.400000 0
-1.350000 -0.400000 0
-1.300000 -0.400000 0
-1.250000 -0.400000 0
-1.200000 -0.400000 0
-1.150000 -0.400000 0
-1.100000 -0.400000 0
-1.050000 -0.400000 0
-1.000000 -0.400000 0
-0.950000 -0.400000 0
-0.900000 -0.400000 0
-0.850000 -0.400000 0
-0.800000 -0.400000 0
-0.750000 -0.400000 0
-0.700000 -0.400000 0
-0.650000 -0.400000 0
-0.600000 -0.400000 0
-0.550000 -0.400000 0
-0.500000 -0.400000 0
-0.450000 -0.400000 0
-0.400000 -0.400000 0
-0.350000 -0.400000 1
-0.300000 -0.400000 1
-0.250000 -0.400000 1
-0.200000 -0.400000 1
-0.150000 -0.400000 1
-0.100000 -0.400000 1
-0.050000 -0.400000 1
0.000000 -0.400000 1
0.050000 -0.400000 1
0.100000 -0.400000 1
0.150000 -0.400000 1
0.200000 -0.400000 1
0.250000 -0.400000 1
0.300000 -0.400000 1
0.350000 -0.400000 1
0.400000 -0.400000 1
0.450000 -0.400000 1
0.500000 -0.400000 1
0.550000 -0.400000 1
0.600000 -0.400000 1
0.650000 -0.400000 1
0.700000 -0.400000 1
0.750000 -0.400000 1
0.800000 -0.400000 1
0.850000 -0.400000 1
0.900000 -0.400000 1
0.950000 -0.400000 1
1.000000 -0.400000 1
1.050000 -0.400000 1
1.100000 -0.400000 1
1.150000 -0.400000 1
1.200000 -0.400000 1
1.250000 -0.400000 1
1.300000 -0.400000 1
1.350000 -0.400000 1
1.400000 -0.400000 1
1.450000 -0.400000 1
1.500000 -0.400000 1
1.550000 -0.400000 1
1.600000 -0.400000 1
1.650000 -0.400000 1
1.700000 -0.400000 1
1.750000 -0.400000 1
1.800000 -0.400000 1
1.850000 -0.400000 1
1.900000 -0.400000 1
1.950000 -0.400000 1
2.000000 -0.400000 1
2.050000 -0.400000 1
2.100000 -0.400000 1
2.150000 -0.400000 1
2.200000 -0.400000 1
2.250000 -0.400000 1
2.300000 -0.400000 1
2.350000 -0.400000 1
2.400000 -0.400000 1
2.450000 -0.400000 1
2.500000 -0.400000 1
-1.500000 -0.350000 0
-1.450000 -0.350000 0
-1.400000 -0.350000 0
-1.350000 -0.350000 0
-1.300000 -0.350000 0
-1.250000 -0.350000 0
-1.200000 -0.350000 0
-1.150000 -0.350000 0
-1.100000 -0.350000 0
-1.050000 -0.350000 0
-1.000000 -0.350000 0
-0.950000 -0.350000 0
-0.900000 -0.350000 0
-0.850000 -0.350000 0
-0.800000 -0.350000 0
-0.750000 -0.350000 0
-0.700000 -0.350000 0
-0.650000 -0.350000 0
-0.600000 -0.350000 0
-0.550000 -0.350000 0
-0.500000 -0.350000 0
-0.450000 -0.350000 0
-0.400000 -0.350000 0
-0.350000 -0.350000 1
-0.300000 -0.350000 1
-0.250000 -0.350000 1
-0.200000 -0.350000 1
-0.150000 -0.350000 1
-0.100000 -0.350000 1
-0.050000 -0.350000 1
0.000000 -0.350000 1
0.050000 -0.350000 1
0.100000 -0.350000 1
0.150000 -0.350000 1
0.200000 -0.350000 1
0.250000 -0.350000 1
0.300000 -0.350000 1
0.350000 -0.350000 1
0.400000 -0.350000 1
0.450000 -0.350000 1
0.500000 -0.350000 1
0.550000 -0.350000 1
0.600000 -0.350000 1
0.650000 -0.350000 1
0.700000 -0.350000 1
0.750000 -0.350000 1
0.800000 -0.350000 1
0.850000 -0.350000 1
0.900000 -0.350000 1
0.950000 -0.350000 1
1.000000 -0.350000 1
1.050000 -0.350000 1
1.100000 -0.350000 1
1.150000 -0.350000 1
1.200000 -0.350000 1
1.250000 -0.350000 1
1.300000 -0.350000 1
1.350000 -0.350000 1
1.400000 -0.350000 1
1.450000 -0.350000 1
1.500000 -0.350000 1
1.550000 -0.350000 1
1.600000 -0.350000 1
1.650000 -0.350000 1
1.700000 -0.350000 1
1.750000 -0.350000 1
1.800000 -0.350000 1
1.850000 -0.350000 1
1.900000 -0.350000 1
1.950000 -0.350000 1
2.000000 -0.350000 1
2.050000 -0.350000 1
2.100000 -0.350000 1
2.150000 -0.350000 1
2.200000 -0.350000 1
2.250000 -0.350000 1
2.300000 -0.350000 1
2.350000 -0.350000 1
2.400000 -0.350000 1
2.450000 -0.350000 1
2.500000 -0.350000 1
-1.500000 -0.300000 0
-1.450000 -0.300000 0
-1.400000 -0.300000 0
-1.350000 -0.300000 0
-1.300000 -0.300000 0
-1.250000 -0.300000 0
-1.200000 -0.300000 0
-1.150000 -0.300000 0
-1.100000 -0.300000 0
-1.050000 -0.300000 0
-1.000000 -0.300000 0
-0.950000 -0.300000 0
-0.900000 -0.300000 0
-0.850000 -0.300000 0
-0.800000 -0.300000 0
-0.750000 -0.300000 0
-0.700000 -0.300000 0
-0.650000 -0.300000 0
-0.600000 -0.300000 0
-0.550000 -0.300000 0
-0.500000 -0.300000 0
-0.450000 -0.300000 0
-0.400000 -0.300000 0
-0.350000 -0.300000 1
-0.300000 -0.300000 1
-0.250000 -0.300000 1
-0.200000 -0.300000 1
-0.150000 -0.300000 1
-0.100000 -0.300000 1
-0.050000 -0.300000 1
0.000000 -0.300000 1
0.050000 -0.300000 1
0.100000 -0.300000 1
0.150000 -0.300000 1
0.200000 -0.300000 1
0.250000 -0.300000 1
0.300000 -0.300000 1
0.350000 -0.300000 1
0.400000 -0.300000 1
0.450000 -0.300000 1
0.500000 -0.300000 1
0.550000 -0.300000 1
0.600000 -0.300000 1
0.650000 -0.300000 1
0.700000 -0.300000 1
0.750000 -0.300000 1
0.800000 -0.300000 1
0.850000 -0.300000 1
0.900000 -0.300000 1
0.950000 -0.300000 1
1.000000 -0.300000 1
1.050000 -0.300000 1
1.100000 -0.300000 1
1.150000 -0.300000 1
1.200000 -0.300000 1
1.250000 -0.300000 1
1.300000 -0.300000 1
1.350000 -0.300000 1
1.400000 -0.300000 1
1.450000 -0.300000 1
1.500000 -0.300000 1
1.550000 -0.300000 1
1.600000 -0.300000 1
1.650000 -0.300000 1
1.700000 -0.300000 1
1.750000 -0.300000 1
1.800000 -0.300000 1
1.850000 -0.300000 1
1.900000 -0.300000 1
1.950000 -0.300000 1
2.000000 -0.300000 1
2.050000 -0.300000 1
2.100000 -0.300000 1
2.150000 -0.300000 1
2.200000 -0.300000 1
2.250000 -0.300000 1
2.300000 -0.300000 1
2.350000 -0.300000 1
2.400000 -0.300000 1
2.450000 -0.300000 1
2.500000 -0.300000 1
-1.500000 -0.250000 0
-1.450000 -0.250000 0
-1.400000 -0.250000 0
-1.350000 -0.250000 0
-1.300000 -0.250000 0
-1.250000 -0.250000 0
-1.200000 -0.250000 0
-1.150000 -0.250000 0
-1.100000 -0.250000 0
-1.050000 -0.250000 0
-1.000000 -0.250000 0
-0.950000 -0.250000 0
-0.900000 -0.250000 0
-0.850000 -0.250000 0
-0.800000 -0.250000 0
-0.750000 -0.250000 0
-0.700000 -0.250000 0
-0.650000 -0.250000 0
-0.600000 -0.250000 0
-0.550000 -0.250000 0
-0.500000 -0.250000 0
-0.450000 -0.250000 0
-0.400000 -0.250000 0
-0.350000 -0.250000 1
-0.300000 -0.250000 1
-0.250000 -0.250000 1
-0.200000 -0.250000 1
-0.150000 -0.250000 1
-0.100000 -0.250000 1
-0.050000 -0.250000 1
0.000000 -0.250000 1
0.050000 -0.250000 1
0.100000 -0.250000 1
0.150000 -0.250000 1
0.200000 -0.250000 1
0.250000 -0.250000 1
0.300000 -0.250000 1
0.350000 -0.250000 1
0.400000 -0.250000 1
0.450000 -0.250000 1
0.500000 -0.250000 1
0.550000 -0.250000 1
0.600000 -0.250000 1
0.650000 -0.250000 1
0.700000 -0.250000 1
0.750000 -0.250000 1
0.800000 -0.250000 1
0.850000 -0.250000 1
0.900000 -0.250000 1
0.950000 -0.250000 1
1.000000 -0.250000 1
1.050000 -0.250000 1
1.100000 -0.250000 1
1.150000 -0.250000 1
1.200000 -0.250000 1
1.250000 -0.250000 1
1.300000 -0.250000 1
1.350000 -0.250000 1
1.400000 -0.250000 1
1.450000 -0.250000 1
1.500000 -0.250000 1
1.550000 -0.250000 1
1.600000 -0.250000 1
1.650000 -0.250000 1
1.700000 -0.250000 1
1.750000 -0.250000 1
1.800000 -0.250000 1
1.850000 -0.250000 1
1.900000 -0.250000 1
1.950000 -0.250000 1
2.000000 -0.250000 1
2.050000 -0.250000 1
2.100000 -0.250000 1
2.150000 -0.250000 1
2.200000 -0.250000 1
2.250000 -0.250000 1
2.300000 -0.250000 1
2.350000 -0.250000 1
2.400000 -0.250000 1
2.450000 -0.250000 1
2.500000 -0.250000 1
-1.500000 -0.200000 0
-1.450000 -0.200000 0
-1.400000 -0.200000 0
-1.350000 -0.200000 0
-1.300000 -0.200000 0
-1.250000 -0.200000 0
-1.200000 -0.200000 0
-1.150000 -0.200000 0
-1.100000 -0.200000 0
-1.050000 -0.200000 0
-1.000000 -0.200000 0
-0.950000 -0.200000 0
-0.900000 -0.200000 0
-0.850000 -0.200000 0
-0.800000 -0.200000 0
-0.750000 -0.200000 0
-0.700000 -0.200000 0
-0.650000 -0.200000 0
-0.600000 -0.200000 0
-0.550000 -0.200000 0
-0.500000 -0.200000 0
-0.450000 -0.200000 0
-0.400000 -0.200000 0
-0.350000 -0.200000 1
-0.300000 -0.200000 1
-0.250000 -0.200000 1
-0.200000 -0.200000 1
-0.150000 -0.200000 1
-0.100000 -0.200000 1
-0.050000 -0.200000 1
0.000000 -0.200000 1
0.050000 -0.200000 1
0.100000 -0.200000 1
0.150000 -0.200000 1
0.200000 -0.200000 1
0.250000 -0.200000 1
0.300000 -0.200000 1
0.350000 -0.200000 1
0.400000 -0.200000 1
0.450000 -0.200000 1
0.500000 -0.200000 1
0.550000 -0.200000 1
0.600000 -0.200000 1
0.650000 -0.200000 1
0.700000 -0.200000 1
0.750000 -0.200000 1
0.800000 -0.200000 1
0.850000 -0.200000 1
0.900000 -0.200000 1
0.950000 -0.200000 1
1.000000 -0.200000 1
1.050000 -0.200000 1
1.100000 -0.200000 1
1.150000 -0.200000 1
1.200000 -0.200000 1
1.250000 -0.200000 1
1.300000 -0.200000 1
1.350000 -0.200000 1
1.400000 -0.200000 1
1.450000 -0.200000 1
1.500000 -0.200000 1
1.550000 -0.200000 1
1.600000 -0.200000 1
1.650000 -0.200000 1
1.700000 -0.200000 1
1.750000 -0.200000 1
1.800000 -0.200000 1
1.850000 -0.200000 1
1.900000 -0.200000 1
1.950000 -0.200000 1
2.000000 -0.200000 1
2.050000 -0.200000 1
2.100000 -0.200000 1
2.150000 -0.200000 1
2.200000 -0.200000 1
2.250000 -0.200000 1
2.300000 -0.200000 1
2.350000 -0.200000 1
2.400000 -0.200000 1
2.450000 -0.200000 1
2.500000 -0.200000 1
-1.500000 -0.150000 0
-1.450000 -0.150000 0
-1.400000 -0.150000 0
-1.350000 -0.150000 0
-1.300000 -0.150000 0
-1.250000 -0.150000 0
-1.200000 -0.150000 0
-1.150000 -0.150000 0
-1.100000 -0.150000 0
-1.050000 -0.150000 0
-1.000000 -0.150000 0
-0.950000 -0.150000 0
-0.900000 -0.150000 0
-0.850000 -0.150000 0
-0.800000 -0.150000 0
-0.750000 -0.150000 0
-0.700000 -0.150000 0
-0.650000 -0.150000 0
-0.600000 -0.150000 0
-0.550000 -0.150000 0
-0.500000 -0.150000 0
-0.450000 -0.150000 0
-0.400000 -0.150000 0
-0.350000 -0.150000 1
-0.300000 -0.150000 1
-0.250000 -0.150000 1
-0.200000 -0.150000 1
-0.150000 -0.150000 1
-0.100000 -0.150000 1
-0.050000 -0.150000 1
0.000000 -0.150000 1
0.050000 -0.150000 1
0.100000 -0.150000 1
0.150000 -0.150000 1
0.200000 -0.150000 1
0.250000 -0.150000 1
0.300000 -0.150000 1
0.350000 -0.150000 1
0.400000 -0.150000 1
0.450000 -0.150000 1
0.500000 -0.150000 1
0.550000 -0.150000 1
0.600000 -0.150000 1
0.650000 -0.150000 1
0.700000 -0.150000 1
0.750000 -0.150000 1
0.800000 -0.150000 1
0.850000 -0.150000 1
0.900000 -0.150000 1
0.950000 -0.150000 1
1.000000 -0.150000 1
1.050000 -0.150000 1
1.100000 -0.150000 1
1.150000 -0.150000 1
1.200000 -0.150000 1
1.250000 -0.150000 1
1.300000 -0.150000 1
1.350000 -0.150000 1
1.400000 -0.150000 1
1.450000 -0.150000 1
1.500000 -0.150000 1
1.550000 -0.150000 1
1.600000 -0.150000 1
1.650000 -0.150000 1
1.700000 -0.150000 1
1.750000 -0.150000 1
1.800000 -0.150000 1
1.850000 -0.150000 1
1.900000 -0.150000 1
1.950000 -0.150000 1
2.000000 -0.150000 1
2.050000 -0.150000 1
2.100000 -0.150000 1
2.150000 -0.150000 1
2.200000 -0.150000 1
2.250000 -0.150000 1
2.300000 -0.150000 1
2.350000 -0.150000 1
2.400000 -0.150000 1
2.450000 -0.150000 1
2.500000 -0.150000 1
-1.500000 -0.100000 0
-1.450000 -0.100000 0
-1.400000 -0.100000 0
-1.350000 -0.100000 0
-1.300000 -0.100000 0
-1.250000 -0.100000 0
-1.200000 -0.100000 0
-1.150000 -0.100000 0
-1.100000 -0.100000 0
-1.050000 -0.100000 0
-1.000000 -0.100000 0
-0.950000 -0.100000 0
-0.900000 -0.100000 0
-0.850000 -0.100000 0
-0.800000 -0.100000 0
-0.750000 -0.100000 0
-0.700000 -0.100000 0
-0.650000 -0.100000 0
-0.600000 -0.100000 0
-0.550000 -0.100000 0
-0.500000 -0.100000 0
-0.450000 -0.100000 0
-0.400000 -0.100000 0
-0.350000 -0.100000 1
-0.300000 -0.100000 1
-0.250000 -0.100000 1
-0.200000 -0.100000 1
-0.150000 -0.100000 1
-0.100000 -0.100000 1
-0.050000 -0.100000 1
0.000000 -0.100000 1
0.050000 -0.100000 1
0.100000 -0.100000 1
0.150000 -0.100000 1
0.200000 -0.100000 1
0.250000 -0.100000 1
0.300000 -0.100000 1
0.350000 -0.100000 1
0.400000 -0.100000 1
0.450000 -0.100000 1
0.500000 -0.100000 1
0.550000 -0.100000 1
0.600000 -0.100000 1
0.650000 -0.100000 1
0.700000 -0.100000 1
0.750000 -0.100000 1
0.800000 -0.100000 1
0.850000 -0.100000 1
0.900000 -0.100000 1
0.950000 -0.100000 1
1.000000 -0.100000 1
1.050000 -0.100000 1
1.100000 -0.100000 1
1.150000 -0.100000 1
1.200000 -0.100000 1
1.250000 -0.100000 1
1.300000 -0.100000 1
1.350000 -0.100000 1
1.400000 -0.100000 1
1.450000 -0.100000 1
1.500000 -0.100000 1
1.550000 -0.100000 1
1.600000 -0.100000 1
1.650000 -0.100000 1
1.700000 -0.100000 1
1.750000 -0.100000 1
1.800000 -0.100000 1
1.850000 -0.100000 1
1.900000 -0.100000 1
1.950000 -0.100000 1
2.000000 -0.100000 1
2.050000 -0.100000 1
2.100000 -0.100000 1
2.150000 -0.100000 1
2.200000 -0.100000 1
2.250000 -0.100000 1
2.300000 -0.100000 1
2.350000 -0.100000 1
2.400000 -0.100000 1
2.450000 -0.100000 1
2.500000 -0.100000 1
-1.500000 -0.050000 0
-1.450000 -0.050000 0
-1.400000 -0.050000 0
-1.350000 -0.050000 0
-1.300000 -0.050000 0
-1.250000 -0.050000 0
-1.200000 -0.050000 0
-1.150000 -0.050000 0
-1.100000 -0.050000 0
-1.050000 -0.050000 0
-1.000000 -0.050000 0
-0.950000 -0.050000 0
-0.900000 -0.050000 0
-0.850000 -0.050000 0
-0.800000 -0.050000 0
-0.750000 -0.050000 0
-0.700000 -0.050000 0
-0.650000 -0.050000 0
-0.600000 -0.050000 0
-0.550000 -0.050000 0
-0.500000 -0.050000 0
-0.450000 -0.050000 0
-0.400000 -0.050000 0
-0.350000 -0.050000 1
-0.300000 -0.050000 1
-0.250000 -0.050000 1
-0.200000 -0.050000 1
-0.150000 -0.050000 1
-0.100000 -0.050000 1
-0.050000 -0.050000 1
0.000000 -0.050000 1
0.050000 -0.050000 1
0.100000 -0.050000 1
0.150000 -0.050000 1
0.200000 -0.050000 1
0.250000 -0.050000 1
0.300000 -0.050000 1
0.350000 -0.050000 1
0.400000 -0.050000 1
0.450000 -0.050000 1
0.500000 -0.050000 1
0.550000 -0.050000 1
0.600000 -0.050000 1
0.650000 -0.050000 1
0.700000 -0.050000 1
0.750000 -0.050000 1
0.800000 -0.050000 1
0.850000 -0.050000 1
0.900000 -0.050000 1
0.950000 -0.050000 1
1.000000 -0.050000 1
1.050000 -0.050000 1
1.100000 -0.050000 1
1.150000 -0.050000 1
1.200000 -0.050000 1
1.250000 -0.050000 1
1.300000 -0.050000 1
1.350000 -0.050000 1
1.400000 -0.050000 1
1.450000 -0.050000 1
1.500000 -0.050000 1
1.550000 -0.050000 1
1.600000 -0.050000 1
1.650000 -0.050000 1
1.700000 -0.050000 1
1.750000 -0.050000 1
1.800000 -0.050000 1
1.850000 -0.050000 1
1.900000 -0.050000 1
1.950000 -0.050000 1
2.000000 -0.050000 1
2.050000 -0.050000 1
2.100000 -0.050000 1
2.150000 -0.050000 1
2.200000 -0.050000 1
2.250000 -0.050000 1
2.300000 -0.050000 1
2.350000 -0.050000 1
2.400000 -0.050000 1
2.450000 -0.050000 1
2.500000 -0.050000 1
-1.500000 0.000000 0
-1.450000 0.000000 0
-1.400000 0.000000 0
-1.350000 0.000000 0
-1.300000 0.000000 0
-1.250000 0.000000 0
-1.200000 0.000000 0
-1.150000 0.000000 0
-1.100000 0.000000 0
-1.050000 0.000000 0
-1.000000 0.000000 0
-0.950000 0.000000 0
-0.900000 0.000000 0
-0.850000 0.000000 0
-0.800000 0.000000 0
-0.750000 0.000000 0
-0.700000 0.000000 0
-0.650000 0.000000 0
-0.600000 0.000000 0
-0.550000 0.000000 0
-0.500000 0.000000 0
-0.450000 0.000000 0
-0.400000 0.000000 0
-0.350000 0.000000 1
-0.300000 0.000000 1
-0.250000 0.000000 1
-0.200000 0.000000 1
-0.150000 0.000000 1
-0.100000 0.000000 1
-0.050000 0.000000 1
0.000000 0.000000 1
0.050000 0.000000 1
0.100000 0.000000 1
0.150000 0.000000 1
0.200000 0.000000 1
0.250000 0.000000 1
0.300000 0.000000 1
0.350000 0.000000 1
0.400000 0.000000 1
0.450000 0.000000 1
0.500000 0.000000 1
0.550000 0.000000 1
0.600000 0.000000 1
0.650000 0.000000 1
0.700000 0.000000 1
0.750000 0.000000 0
0.800000 0.000000 0
0.850000 0.000000 0
0.900000 0.000000 0
0.950000 0.000000 0
1.000000 0.000000 0
1.050000 0.000000 0
1.100000 0.000000 0
1.150000 0.000000 0
1.200000 0.000000 0
1.250000 0.000000 1
1.300000 0.000000 1
1.350000 0.000000 1
1.400000 0.000000 1
1.450000 0.000000 1
1.500000 0.000000 1
1.550000 0.000000 1
1.600000 0.000000 1
1.650000 0.000000 1
1.700000 0.000000 1
1.750000 0.000000 1
1.800000 0.000000 1
1.850000 0.000000 1
1.900000 0.000000 1
1.950000 0.000000 1
2.000000 0.000000 1
2.050000 0.000000 1
2.100000 0.000000 1
2.150000 0.000000 1
2.200000 0.000000 1
2.250000 0.000000 1
2.300000 0.000000 1
2.350000 0.000000 1
2.400000 0.000000 1
2.450000 0.000000 1
2.500000 0.000000 1
-1.500000 0.050000 0
-1.450000 0.050000 0
-1.400000 0.050000 0
-1.350000 0.050000 0
-1.300000 0.050000 0
-1.250000 0.050000 0
-1.200000 0.050000 0
-1.150000 0.050000 0
-1.100000 0.050000 0
-1.050000 0.050000 0
-1.000000 0.050000 0
-0.950000 0.050000 0
-0.900000 0.050000 0
-0.850000 0.050000 0
-0.800000 0.050000 0
-0.750000 0.050000 0
-0.700000 0.050000 0
-0.650000 0.050000 0
-0.600000 0.050000 0
-0.550000 0.050000 0
-0.500000 0.050000 0
-0.450000 0.050000 0
-0.400000 0.050000 0
-0.350000 0.050000 1
-0.300000 0.050000 1
-0.250000 0.050000 1
-0.200000 0.050000 1
-0.150000 0.050000 1
-0.100000 0.050000 1
-0.050000 0.050000 1
0.000000 0.050000 1
0.050000 0.050000 1
0.100000 0.050000 1
0.150000 0.050000 1
0.200000 0.050000 1
0.250000 0.050000 1
0.300000 0.050000 1
0.350000 0.050000 1
0.400000 0.050000 1
0.450000 0.050000 1
0.500000 0.050000 1
0.550000 0.050000 1
0.600000 0.050000 1
0.650000 0.050000 1
0.700000 0.050000 1
0.750000 0.050000 0
0.800000 0.050000 0
0.850000 0.050000 0
0.900000 0.050000 0
0.950000 0.050000 0
1.000000 0.050000 0
1.050000 0.050000 0
1.100000 0.050000 0
1.150000 0.050000 0
1.200000 0.050000 0
1.250000 0.050000 1
1.300000 0.050000 1
1.350000 0.050000 1
1.400000 0.050000 1
1.450000 0.050000 1
1.500000 0.050000 1
1.550000 0.050000 1
1.600000 0.050000 1
1.650000 0.050000 1
1.700000 0.050000 1
1.750000 0.050000 1
1.800000 0.050000 1
1.850000 0.050000 1
1.900000 0.050000 1
1.950000 0.050000 1
2.000000 0.050000 1
2.050000 0.050000 1
2.100000 0.050000 1
2.150000 0.050000 1
2.200000 0.050000 1
2.250000 0.050000 1
2.300000 0.050000 1
2.350000 0.050000 1
2.400000 0.050000 1
2.450000 0.050000 1
2.500000 0.050000 1
-1.500000 0.100000 0
-1.450000 0.100000 0
-1.400000 0.100000 0
-1.350000 0.100000 0
-1.300000 0.100000 0
-1.250000 0.100000 0
-1.200000 0.100000 0
-1.150000 0.100000 0
-1.100000 0.100000 0
-1.050000 0.100000 0
-1.000000 0.100000 0
-0.950000 0.100000 0
-0.900000 0.100000 0
-0.850000 0.100000 0
-0.800000 0.100000 0
-0.750000 0.100000 0
-0.700000 0.100000 0
-0.650000 0.100000 0
-0.600000 0.100000 0
-0.550000 0.100000 0
-0.500000 0.100000 0
-0.450000 0.100000 0
-0.400000 0.100000 0
-0.350000 0.100000 1
-0.300000 0.100000 1
-0.250000 0.100000 1
-0.200000 0.100000 1
-0.150000 0.100000 1
-0.100000 0.100000 1
-0.050000 0.100000 1
0.000000 0.100000 1
0.050000 0.100000 1
0.100000 0.100000 1
0.150000 0.100000 1
0.200000 0.100000 1
0.250000 0.100000 1
0.300000 0.100000 1
0.350000 0.100000 1
0.400000 0.100000 1
0.450000 0.100000 1
0.500000 0.100000 1
0.550000 0.100000 1
0.600000 0.100000 1
0.650000 0.100000 1
0.700000 0.100000 1
0.750000 0.100000 0
0.800000 0.100000 0
0.850000 0.100000 0
0.900000 0.100000 0
0.950000 0.100000 0
1.000000 0.100000 0
1.050000 0.100000 0
1.100000 0.100000 0
1.150000 0.100000 0
1.200000 0.100000 0
1.250000 0.100000 1
1.300000 0.100000 1
1.350000 0.100000 1
1.400000 0.100000 1
1.450000 0.100000 1
1.500000 0.100000 1
1.550000 0.100000 1
1.600000 0.100000 1
1.650000 0.100000 1
1.700000 0.100000 1
1.750000 0.100000 1
1.800000 0.100000 1
1.850000 0.100000 1
1.900000 0.100000 1
1.950000 0.100000 1
2.000000 0.100000 1
2.050000 0.100000 1
2.100000 0.100000 1
2.150000 0.100000 1
2.200000 0.100000 1
2.250000 0.100000 1
2.300000 0.100000 1
2.350000 0.100000 1
2.400000 0.100000 1
2.450000 0.100000 1
2.500000 0.100000 1
-1.500000 0.150000 0
-1.450000 0.150000 0
-1.400000 0.150000 0
-1.350000 0.150000 0
-1.300000 0.150000 0
-1.250000 0.150000 0
-1.200000 0.150000 0
-1.150000 0.150000 0
-1.100000 0.150000 0
-1.050000 0.150000 0
-1.000000 0.150000 0
-0.950000 0.150000 0
-0.900000 0.150000 0
-0.850000 0.150000 0
-0.800000 0.150000 0
-0.750000 0.150000 0
-0.700000 0.150000 0
-0.650000 0.150000 0
-0.600000 0.150000 0
-0.550000 0.150000 0
-0.500000 0.150000 0
-0.450000 0.150000 0
-0.400000 0.150000 0
-0.350000 0.150000 1
-0.300000 0.150000 1
-0.250000 0.150000 1
-0.200000 0.150000 1
-0.150000 0.150000 1
-0.100000 0.150000 1
-0.050000 0.150000 1
0.000000 0.150000 1
0.050000 0.150000 1
0.100000 0.150000 1
0.150000 0.150000 1
0.200000 0.150000 1
0.250000 0.150000 1
0.300000 0.150000 1
0.350000 0.150000 1
0.400000 0.150000 1
0.450000 0.150000 0
0.500000 0.150000 0
0.550000 0.150000 0
0.600000 0.150000 0
0.650000 0.150000 0
0.700000 0.150000 0
0.750000 0.150000 0
0.800000 0.150000 0
0.850000 0.150000 0
0.900000 0.150000 0
0.950000 0.150000 0
1.000000 0.150000 0
1.050000 0.150000 0
1.100000 0.150000 0
1.150000 0.150000 0
1.200000 0.150000 0
1.250000 0.150000 1
1.300000 0.150000 1
1.350000 0.150000 1
1.400000 0.150000 1
1.450000 0.150000 1
1.500000 0.150000 1
1.550000 0.150000 1
1.600000 0.150000 1
1.650000 0.150000 1
1.700000 0.150000 1
1.750000 0.150000 1
1.800000 0.150000 1
1.850000 0.150000 1
1.900000 0.150000 1
1.950000 0.150000 1
2.000000 0.150000 1
2.050000 0.150000 1
2.100000 0.150000 1
2.150000 0.150000 1
2.200000 0.150000 1
2.250000 0.150000 1
2.300000 0.150000 1
2.350000 0.150000 1
2.400000 0.150000 1
2.450000 0.150000 1
2.500000 0.150000 1
-1.500000 0.200000 0
-1.450000 0.200000 0
-1.400000 0.200000 0
-1.350000 0.200000 0
-1.300000 0.200000 0
-1.250000 0.200000 0
-1.200000 0.200000 0
-1.150000 0.200000 0
-1.100000 0.200000 0
-1.050000 0.200000 0
-1.000000 0.200000 0
-0.950000 0.200000 0
-0.900000 0.200000 0
-0.850000 0.200000 0
-0.800000 0.200000 0
-0.750000 0.200000 0
-0.700000 0.200000 0
-0.650000 0.200000 0
-0.600000 0.200000 0
-0.550000 0.200000 0
-0.500000 0.200000 0
-0.450000 0.200000 0
-0.400000 0.200000 0
-0.350000 0.200000 1
-0.300000 0.200000 1
-0.250000 0.200000 1
-0.200000 0.200000 1
-0.150000 0.200000 1
-0.100000 0.200000 1
-0.050000 0.200000 1
0.000000 0.200000 1
0.050000 0.200000 1
0.100000 0.200000 1
0.150000 0.200000 1
0.200000 0.200000 1
0.250000 0.200000 1
0.300000 0.200000 1
0.350000 0.200000 1
0.400000 0.200000 1
0.450000 0.200000 0
0.500000 0.200000 0
0.550000 0.200000 0
0.600000 0.200000 0
0.650000 0.200000 0
0.700000 0.200000 0
0.750000 0.200000 0
0.800000 0.200000 0
0.850000 0.200000 0
0.900000 0.200000 0
0.950000 0.200000 0
1.000000 0.200000 0
1.050000 0.200000 0
1.100000 0.200000 0
1.150000 0.200000 0
1.200000 0.200000 0
1.250000 0.200000 1
1.300000 0.200000 1
1.350000 0.200000 1
1.400000 0.200000 1
1.450000 0.200000 1
1.500000 0.200000 1
1.550000 0.200000 1
1.600000 0.200000 1
1.650000 0.200000 1
1.700000 0.200000 1
1.750000 0.200000 1
1.800000 0.200000 1
1.850000 0.200000 1
1.900000 0.200000 1
1.950000 0.200000 1
2.000000 0.200000 1
2.050000 0.200000 1
2.100000 0.200000 1
2.150000 0.200000 1
2.200000 0.200000 1
2.250000 0.200000 1
2.300000 0.200000 1
2.350000 0.200000 1
2.400000 0.200000 1
2.450000 0.200000 1
2.500000 0.200000 1
-1.500000 0.250000 0
-1.450000 0.250000 0
-1.400000 0.250000 0
-1.350000 0.250000 0
-1.300000 0.250000 0
-1.250000 0.250000 0
-1.200000 0.250000 0
-1.150000 0.250000 0
-1.100000 0.250000 0
-1.050000 0.250000 0
-1.000000 0.250000 0
-0.950000 0.250000 0
-0.900000 0.250000 0
-0.850000 0.250000 0
-0.800000 0.250000 0
-0.750000 0.250000 0
-0.700000 0.250000 0
-0.650000 0.250000 0
-0.600000 0.250000 0
-0.550000 0.250000 0
-0.500000 0.250000 0
-0.450000 0.250000 0
-0.400000 0.250000 0
-0.350000 0.250000 1
-0.300000 0.250000 1
-0.250000 0.250000 1
-0.200000 0.250000 1
-0.150000 0.250000 1
-0.100000 0.250000 1
-0.050000 0.250000 1
0.000000 0.250000 1
0.050000 0.250000 1
0.100000 0.250000 1
0.150000 0.250000 1
0.200000 0.250000 1
0.250000 0.250000 1
0.300000 0.250000 1
0.350000 0.250000 1
0.400000 0.250000 1
0.450000 0.250000 0
0.500000 0.250000 0
0.550000 0.250000 0
0.600000 0.250000 0
0.650000 0.250000 0
0.700000 0.250000 0
0.750000 0.250000 0
0.800000 0.250000 0
0.850000 0.250000 0
0.900000 0.250000 0
0.950000 0.250000 0
1.000000 0.250000 0
1.050000 0.250000 0
1.100000 0.250000 0
1.150000 0.250000 0
1.200000 0.250000 0
1.250000 0.250000 1
1.300000 0.250000 1
1.350000 0.250000 1
1.400000 0.250000 1
1.450000 0.250000 1
1.500000 0.250000 1
1.550000 0.250000 1
1.600000 0.250000 1
1.650000 0.250000 1
1.700000 0.250000 1
1.750000 0.250000 1
1.800000 0.250000 1
1.850000 0.250000 1
1.900000 0.250000 1
1.950000 0.250000 1
2.000000 0.250000 1
2.050000 0.250000 1
2.100000 0.250000 1
2.150000 0.250000 1
2.200000 0.250000 1
2.250000 0.250000 1
2.300000 0.250000 1
2.350000 0.250000 1
2.400000 0.250000 1
2.450000 0.250000 1
2.500000 0.250000 1
-1.500000 0.300000 0
-1.450000 0.300000 0
-1.400000 0.300000 0
-1.350000 0.300000 0
-1.300000 0.300000 0
-1.250000 0.300000 0
-1.200000 0.300000 0
-1.150000 0.300000 0
-1.100000 0.300000 0
-1.050000 0.300000 0
-1.000000 0.300000 0
-0.950000 0.300000 0
-0.900000 0.300000 0
-0.850000 0.300000 0
-0.800000 0.300000 0
-0.750000 0.300000 0
-0.700000 0.300000 0
-0.650000 0.300000 0
-0.600000 0.300000 0
-0.550000 0.300000 0
-0.500000 0.300000 0
-0.450000 0.300000 0
-0.400000 0.300000 0
-0.350000 0.300000 1
-0.300000 0.300000 1
-0.250000 0.300000 1
-0.200000 0.300000 1
-0.150000 0.300000 1
-0.100000 0.300000 1
-0.050000 0.300000 1
0.000000 0.300000 1
0.050000 0.300000 1
0.100000 0.300000 1
0.150000 0.300000 1
0.200000 0.300000 1
0.250000 0.300000 1
0.300000 0.300000 1
0.350000 0.300000 1
0.400000 0.300000 1
0.450000 0.300000 0
0.500000 0.300000 0
0.550000 0.300000 0
0.600000 0.300000 0
0.650000 0.300000 0
0.700000 0.300000 0
0.750000 0.300000 0
0.800000 0.300000 0
0.850000 0.300000 0
0.900000 0.300000 0
0.950000 0.300000 0
1.000000 0.300000 0
1.050000 0.300000 0
1.100000 0.300000 0
1.150000 0.300000 0
1.200000 0.300000 0
1.250000 0.300000 1
1.300000 0.300000 1
1.350000 0.300000 1
1.400000 0.300000 1
1.450000 0.300000 1
1.500000 0.300000 1
1.550000 0.300000 1
1.600000 0.300000 1
1.650000 0.300000 1
1.700000 0.300000 1
1.750000 0.300000 1
1.800000 0.300000 1
1.850000 0.300000 1
1.900000 0.300000 1
1.950000 0.300000 1
2.000000 0.300000 1
2.050000 0.300000 1
2.100000 0.300000 1
2.150000 0.300000 1
2.200000 0.300000 1
2.250000 0.300000 1
2.300000 0.300000 1
2.350000 0.300000 1
2.400000 0.300000 1
2.450000 0.300000 1
2.500000 0.300000 1
-1.500000 0.350000 0
-1.450000 0.350000 0
-1.400000 0.350000 0
-1.350000 0.350000 0
-1.300000 0.350000 0
-1.250000 0.350000 0
-1.200000 0.350000 0
-1.150000 0.350000 0
-1.100000 0.350000 0
-1.050000 0.350000 0
-1.000000 0.350000 0
-0.950000 0.350000 0
-0.900000 0.350000 0
-0.850000 0.350000 0
-0.800000 0.350000 0
-0.750000 0.350000 0
-0.700000 0.350000 0
-0.650000 0.350000 0
-0.600000 0.350000 0
-0.550000 0.350000 0
-0.500000 0.350000 0
-0.450000 0.350000 0
-0.400000 0.350000 0
-0.350000 0.350000 0
-0.300000 0.350000 1
-0.250000 0.350000 1
-0.200000 0.350000 1
-0.150000 0.350000 1
-0.100000 0.350000 1
-0.050000 0.350000 1
0.000000 0.350000 1
0.050000 0.350000 1
0.100000 0.350000 1
0.150000 0.350000 1
0.200000 0.350000 1
0.250000 0.350000 1
0.300000 0.350000 1
0.350000 0.350000 1
0.400000 0.350000 1
0.450000 0.350000 0
0.500000 0.350000 0
0.550000 0.350000 0
0.600000 0.350000 0
0.650000 0.350000 0
0.700000 0.350000 0
0.750000 0.350000 0
0.800000 0.350000 0
0.850000 0.350000 0
0.900000 0.350000 0
0.950000 0.350000 0
1.000000 0.350000 0
1.050000 0.350000 0
1.100000 0.350000 0
1.150000 0.350000 0
1.200000 0.350000 0
1.250000 0.350000 1
1.300000 0.350000 1
1.350000 0.350000 1
1.400000 0.350000 1
1.450000 0.350000 1
1.500000 0.350000 1
1.550000 0.350000 1
1.600000 0.350000 1
1.650000 0.350000 1
1.700000 0.350000 1
1.750000 0.350000 1
1.800000 0.350000 1
1.850000 0.350000 1
1.900000 0.350000 1
1.950000 0.350000 1
2.000000 0.350000 1
2.050000 0.350000 1
2.100000 0.350000 1
2.150000 0.350000 1
2.200000 0.350000 1
2.250000 0.350000 1
2.300000 0.350000 1
2.350000 0.350000 1
2.400000 0.350000 1
2.450000 0.350000 1
2.500000 0.350000 1
-1.500000 0.400000 0
-1.450000 0.400000 0
-1.400000 0.400000 0
-1.350000 0.400000 0
-1.300000 0.400000 0
-1.250000 0.400000 0
-1.200000 0.400000 0
-1.150000 0.400000 0
-1.100000 0.400000 0
-1.050000 0.400000 0
-1.000000 0.400000 0
-0.950000 0.400000 0
-0.900000 0.400000 0
-0.850000 0.400000 0
-0.800000 0.400000 0
-0.750000 0.400000 0
-0.700000 0.400000 0
-0.650000 0.400000 0
-0.600000 0.400000 0
-0.550000 0.400000 0
-0.500000 0.400000 0
-0.450000 0.400000 0
-0.400000 0.400000 0
-0.350000 0.400000 0
-0.300000 0.400000 1
-0.250000 0.400000 1
-0.200000 0.400000 1
-0.150000 0.400000 1
-0.100000 0.400000 1
-0.050000 0.400000 1
0.000000 0.400000 1
0.050000 0.400000 1
0.100000 0.400000 1
0.150000 0.400000 1
0.200000 0.400000 1
0.250000 0.400000 1
0.300000 0.400000 1
0.350000 0.400000 1
0.400000 0.400000 1
0.450000 0.400000 0
0.500000 0.400000 0
0.550000 0.400000 0
0.600000 0.400000 0
0.650000 0.400000 0
0.700000 0.400000 0
0.750000 0.400000 0
0.800000 0.400000 0
0.850000 0.400000 0
0.900000 0.400000 0
0.950000 0.400000 0
1.000000 0.400000 0
1.050000 0.400000 0
1.100000 0.400000 0
1.150000 0.400000 0
1.200000 0.400000 0
1.250000 0.400000 1
1.300000 0.400000 1
1.350000 0.400000 1
1.400000 0.400000 1
1.450000 0.400000 1
1.500000 0.400000 1
1.550000 0.400000 1
1.600000 0.400000 1
1.650000 0.400000 1
1.700000 0.400000 1
1.750000 0.400000 1
1.800000 0.400000 1
1.850000 0.400000 1
1.900000 0.400000 1
1.950000 0.400000 1
2.000000 0.400000 1
2.050000 0.400000 1
2.100000 0.400000 1
2.150000 0.400000 1
2.200000 0.400000 1
2.250000 0.400000 1
2.300000 0.400000 1
2.350000 0.400000 1
2.400000 0.400000 1
2.450000 0.400000 1
2.500000 0.400000 1
-1.500000 0.450000 0
-1.450000 0.450000 0
-1.400000 0.450000 0
-1.350000 0.450000 0
-1.300000 0.450000 0
-1.250000 0.450000 0
-1.200000 0.450000 0
-1.150000 0.450000 0
-1.100000 0.450000 0
-1.050000 0.450000 0
-1.000000 0.450000 0
-0.950000 0.450000 0
-0.900000 0.450000 0
-0.850000 0.450000 0
-0.800000 0.450000 0
-0.750000 0.450000 0
-0.700000 0.450000 0
-0.650000 0.450000 0
-0.600000 0.450000 0
-0.550000 0.450000 0
-0.500000 0.450000 0
-0.450000 0.450000 0
-0.400000 0.450000 0
-0.350000 0.450000 0
-0.300000 0.450000 1
-0.250000 0.450000 1
-0.200000 0.450000 1
-0.150000 0.450000 1
-0.100000 0.450000 1
-0.050000 0.450000 1
0.000000 0.450000 1
0.050000 0.450000 1
0.100000 0.450000 1
0.150000 0.450000 1
0.200000 0.450000 1
0.250000 0.450000 1
0.300000 0.450000 1
0.350000 0.450000 1
0.400000 0.450000 1
0.450000 0.450000 0
0.500000 0.450000 0
0.550000 0.450000 0
0.600000 0.450000 0
0.650000 0.450000 0
0.700000 0.450000 0
0.750000 0.450000 0
0.800000 0.450000 0
0.850000 0.450000 0
0.900000 0.450000 0
0.950000 0.450000 0
1.000000 0.450000 0
1.050000 0.450000 0
1.100000 0.450000 0
1.150000 0.450000 0
1.200000 0.450000 0
1.250000 0.450000 1
1.300000 0.450000 1
1.350000 0.450000 1
1.400000 0.450000 1
1.450000 0.450000 1
1.500000 0.450000 1
1.550000 0.450000 1
1.600000 0.450000 1
1.650000 0.450000 1
1.700000 0.450000 1
1.750000 0.450000 1
1.800000 0.450000 1
1.850000 0.450000 1
1.900000 0.450000 1
1.950000 0.450000 1
2.000000 0.450000 1
2.050000 0.450000 1
2.100000 0.450000 1
2.150000 0.450000 1
2.200000 0.450000 1
2.250000 0.450000 1
2.300000 0.450000 1
2.350000 0.450000 1
2.400000 0.450000 1
2.450000 0.450000 1
2.500000 0.450000 1
-1.500000 0.500000 0
-1.450000 0.500000 0
-1.400000 0.500000 0
-1.350000 0.500000 0
-1.300000 0.500000 0
-1.250000 0.500000 0
-1.200000 0.500000 0
-1.150000 0.500000 0
-1.100000 0.500000 0
-1.050000 0.500000 0
-1.000000 0.500000 0
-0.950000 0.500000 0
-0.900000 0.500000 0
-0.850000 0.500000 0
-0.800000 0.500000 0
-0.750000 0.500000 0
-0.700000 0.500000 0
-0.650000 0.500000 0
-0.600000 0.500000 0
-0.550000 0.500000 0
-0.500000 0.500000 0
-0.450000 0.500000 0
-0.400000 0.500000 0
-0.350000 0.500000 0
-0.300000 0.500000 1
-0.250000 0.500000 1
-0.200000 0.500000 1
-0.150000 0.500000 1
-0.100000 0.500000 1
-0.050000 0.500000 1
0.000000 0.500000 0
0.050000 0.500000 0
0.100000 0.500000 0
0.150000 0.500000 0
0.200000 0.500000 0
0.250000 0.500000 0
0.300000 0.500000 0
0.350000 0.500000 0
0.400000 0.500000 0
0.450000 0.500000 0
0.500000 0.500000 0
0.550000 0.500000 0
0.600000 0.500000 0
0.650000 0.500000 0
0.700000 0.500000 0
0.750000 0.500000 0
0.800000 0.500000 0
0.850000 0.500000 0
0.900000 0.500000 0
0.950000 0.500000 0
1.000000 0.500000 0
1.050000 0.500000 0
1.100000 0.500000 0
1.150000 0.500000 0
1.200000 0.500000 0
1.250000 0.500000 1
1.300000 0.500000 1
1.350000 0.500000 1
1.400000 0.500000 1
1.450000 0.500000 1
1.500000 0.500000 1
1.550000 0.500000 1
1.600000 0.500000 1
1.650000 0.500000 1
1.700000 0.500000 1
1.750000 0.500000 1
1.800000 0.500000 1
1.850000 0.500000 1
1.900000 0.500000 1
1.950000 0.500000 1
2.000000 0.500000 1
2.050000 0.500000 1
2.100000 0.500000 1
2.150000 0.500000 1
2.200000 0.500000 1
2.250000 0.500000 1
2.300000 0.500000 1
2.350000 0.500000 1
2.400000 0.500000 1
2.450000 0.500000 1
2.500000 0.500000 1
-1.500000 0.550000 0
-1.450000 0.550000 0
-1.400000 0.550000 0
-1.350000 0.550000 0
-1.300000 0.550000 0
-1.250000 0.550000 0
-1.200000 0.550000 0
-1.150000 0.550000 0
-1.100000 0.550000 0
-1.050000 0.550000 0
-1.000000 0.550000 0
-0.950000 0.550000 0
-0.900000 0.550000 0
-0.850000 0.550000 0
-0.800000 0.550000 0
-0.750000 0.550000 0
-0.700000 0.550000 0
-0.650000 0.550000 0
-0.600000 0.550000 0
-0.550000 0.550000 0
-0.500000 0.550000 0
-0.450000 0.550000 0
-0.400000 0.550000 0
-0.350000 0.550000 0
-0.300000 0.550000 1
-0.250000 0.550000 1
-0.200000 0.550000 1
-0.150000 0.550000 1
-0.100000 0.550000 1
-0.050000 0.550000 1
0.000000 0.550000 0
0.050000 0.550000 0
0.100000 0.550000 0
0.150000 0.550000 0
0.200000 0.550000 0
0.250000 0.550000 0
0.300000 0.550000 0
0.350000 0.550000 0
0.400000 0.550000 0
0.450000 0.550000 0
0.500000 0.550000 0
0.550000 0.550000 0
0.600000 0.550000 0
0.650000 0.550000 0
0.700000 0.550000 0
0.750000 0.550000 0
0.800000 0.550000 0
0.850000 0.550000 0
0.900000 0.550000 0
0.950000 0.550000 0
1.000000 0.550000 0
1.050000 0.550000 0
1.100000 0.550000 0
1.150000 0.550000 0
1.200000 0.550000 0
1.250000 0.550000 1
1.300000 0.550000 1
1.350000 0.550000 1
1.400000 0.550000 1
1.450000 0.550000 1
1.500000 0.550000 1
1.550000 0.550000 1
1.600000 0.550000 1
1.650000 0.550000 1
1.700000 0.550000 1
1.750000 0.550000 1
1.800000 0.550000 1
1.850000 0.550000 1
1.900000 0.550000 1
1.950000 0.550000 1
2.000000 0.550000 1
2.050000 0.550000 1
2.100000 0.550000 1
2.150000 0.550000 1
2.200000 0.550000 1
2.250000 0.550000 1
2.300000 0.550000 1
2.350000 0.550000 1
2.400000 0.550000 1
2.450000 0.550000 1
2.500000 0.550000 1
-1.500000 0.600000 0
-1.450000 0.600000 0
-1.400000 0.600000 0
-1.350000 0.600000 0
-1.300000 0.600000 0
-1.250000 0.600000 0
-1.200000 0.600000 0
-1.150000 0.600000 0
-1.100000 0.600000 0
-1.050000 0.600000 0
-1.000000 0.600000 0
-0.950000 0.600000 0
-0.900000 0.600000 0
-0.850000 0.600000 0
-0.800000 0.600000 0
-0.750000 0.600000 0
-0.700000 0.600000 0
-0.650000 0.600000 0
-0.600000 0.600000 0
-0.550000 0.600000 0
-0.500000 0.600000 0
-0.450000 0.600000 0
-0.400000 0.600000 0
-0.350000 0.600000 0
-0.300000 0.600000 1
-0.250000 0.600000 1
-0.200000 0.600000 1
-0.150000 0.600000 1
-0.100000 0.600000 1
-0.050000 0.600000 1
0.000000 0.600000 0
0.050000 0.600000 0
0.100000 0.600000 0
0.150000 0.600000 0
0.200000 0.600000 0
0.250000 0.600000 0
0.300000 0.600000 0
0.350000 0.600000 0
0.400000 0.600000 0
0.450000 0.600000 0
0.500000 0.600000 0
0.550000 0.600000 0
0.600000 0.600000 0
0.650000 0.600000 0
0.700000 0.600000 0
0.750000 0.600000 0
0.800000 0.600000 0
0.850000 0.600000 0
0.900000 0.600000 0
0.950000 0.600000 0
1.000000 0.600000 0
1.050000 0.600000 0
1.100000 0.600000 0
1.150000 0.600000 0
1.200000 0.600000 0
1.250000 0.600000 1
1.300000 0.600000 1
1.350000 0.600000 1
1.400000 0.600000 1
1.450000 0.600000 1
1.500000 0.600000 1
1.550000 0.600000 1
1.600000 0.600000 1
1.650000 0.600000 1
1.700000 0.600000 1
1.750000 0.600000 1
1.800000 0.600000 1
1.850000 0.600000 1
1.900000 0.600000 1
1.950000 0.600000 1
2.000000 0.600000 1
2.050000 0.600000 1
2.100000 0.600000 1
2.150000 0.600000 1
2.200000 0.600000 1
2.250000 0.600000 1
2.300000 0.600000 1
2.350000 0.600000 1
2.400000 0.600000 1
2.450000 0.600000 1
2.500000 0.600000 1
-1.500000 0.650000 0
-1.450000 0.650000 0
-1.400000 0.650000 0
-1.350000 0.650000 0
-1.300000 0.650000 0
-1.250000 0.650000 0
-1.200000 0.650000 0
-1.150000 0.650000 0
-1.100000 0.650000 0
-1.050000 0.650000 0
-1.000000 0.650000 0
-0.950000 0.650000 0
-0.900000 0.650000 0
-0.850000 0.650000 0
-0.800000 0.650000 0
-0.750000 0.650000 0
-0.700000 0.650000 0
-0.650000 0.650000 0
-0.600000 0.650000 0
-0.550000 0.650000 0
-0.500000 0.650000 0
-0.450000 0.650000 0
-0.400000 0.650000 0
-0.350000 0.650000 0
-0.300000 0.650000 1
-0.250000 0.650000 1
-0.200000 0.650000 1
-0.150000 0.650000 1
-0.100000 0.650000 1
-0.050000 0.650000 1
0.000000 0.650000 0
0.050000 0.650000 0
0.100000 0.650000 0
0.150000 0.650000 0
0.200000 0.650000 0
0.250000 0.650000 0
0.300000 0.650000 0
0.350000 0.650000 0
0.400000 0.650000 0
0.450000 0.650000 0
0.500000 0.650000 0
0.550000 0.650000 0
0.600000 0.650000 0
0.650000 0.650000 0
0.700000 0.650000 0
0.750000 0.650000 0
0.800000 0.650000 0
0.850000 0.650000 0
0.900000 0.650000 0
0.950000 0.650000 0
1.000000 0.650000 0
1.050000 0.650000 0
1.100000 0.650000 0
1.150000 0.650000 0
1.200000 0.650000 0
1.250000 0.650000 1
1.300000 0.650000 1
1.350000 0.650000 1
1.400000 0.650000 1
1.450000 0.650000 1
1.500000 0.650000 1
1.550000 0.650000 1
1.600000 0.650000 1
1.650000 0.650000 1
1.700000 0.650000 1
1.750000 0.650000 1
1.800000 0.650000 1
1.850000 0.650000 1
1.900000 0.650000 1
1.950000 0.650000 1
2.000000 0.650000 1
2.050000 0.650000 1
2.100000 0.650000 1
2.150000 0.650000 1
2.200000 0.650000 1
2.250000 0.650000 1
2.300000 0.650000 1
2.350000 0.650000 1
2.400000 0.650000 1
2.450000 0.650000 1
2.500000 0.650000 1
-1.500000 0.700000 1
-1.450000 0.700000 1
-1.400000 0.700000 1
-1.350000 0.700000 1
-1.300000 0.700000 1
-1.250000 0.700000 1
-1.200000 0.700000 1
-1.150000 0.700000 1
-1.100000 0.700000 1
-1.050000 0.700000 1
-1.000000 0.700000 1
-0.950000 0.700000 1
-0.900000 0.700000 1
-0.850000 0.700000 1
-0.800000 0.700000 1
-0.750000 0.700000 1
-0.700000 0.700000 1
-0.650000 0.700000 1
-0.600000 0.700000 1
-0.550000 0.700000 1
-0.500000 0.700000 1
-0.450000 0.700000 1
-0.400000 0.700000 1
-0.350000 0.700000 1
-0.300000 0.700000 1
-0.250000 0.700000 1
-0.200000 0.700000 1
-0.150000 0.700000 1
-0.100000 0.700000 1
-0.050000 0.700000 1
0.000000 0.700000 1
0.050000 0.700000 1
0.100000 0.700000 1
0.150000 0.700000 1
0.200000 0.700000 1
0.250000 0.700000 1
0.300000 0.700000 1
0.350000 0.700000 1
0.400000 0.700000 1
0.450000 0.700000 1
0.500000 0.700000 1
0.550000 0.700000 1
0.600000 0.700000 1
0.650000 0.700000 1
0.700000 0.700000 1
0.750000 0.700000 1
0.800000 0.700000 1
0.850000 0.700000 1
0.900000 0.700000 1
0.950000 0.700000 1
1.000000 0.700000 1
1.050000 0.700000 1
1.100000 0.700000 1
1.150000 0.700000 1
1.200000 0.700000 1
1.250000 0.700000 1
1.300000 0.700000 1
1.350000 0.700000 1
1.400000 0.700000 1
1.450000 0.700000 1
1.500000 0.700000 1
1.550000 0.700000 1
1.600000 0.700000 1
1.650000 0.700000 1
1.700000 0.700000 1
1.750000 0.700000 1
1.800000 0.700000 1
1.850000 0.700000 1
1.900000 0.700000 1
1.950000 0.700000 1
2.000000 0.700000 1
2.050000 0.700000 1
2.100000 0.700000 1
2.150000 0.700000 1
2.200000 0.700000 1
2.250000 0.700000 1
2.300000 0.700000 1
2.350000 0.700000 1
2.400000 0.700000 1
2.450000 0.700000 1
2.500000 0.700000 1
-1.500000 0.750000 0
-1.450000 0.750000 0
-1.400000 0.750000 0
-1.350000 0.750000 0
-1.300000 0.750000 0
-1.250000 0.750000 0
-1.200000 0.750000 0
-1.150000 0.750000 0
-1.100000 0.750000 0
-1.050000 0.750000 0
-1.000000 0.750000 0
-0.950000 0.750000 0
-0.900000 0.750000 0
-0.850000 0.750000 0
-0.800000 0.750000 0
-0.750000 0.750000 0
-0.700000 0.750000 0
-0.650000 0.750000 0
-0.600000 0.750000 0
-0.550000 0.750000 0
-0.500000 0.750000 0
-0.450000 0.750000 0
-0.400000 0.750000 0
-0.350000 0.750000 0
-0.300000 0.750000 0
-0.250000 0.750000 0
-0.200000 0.750000 0
-0.150000 0.750000 0
-0.100000 0.750000 0
-0.050000 0.750000 0
0.000000 0.750000 0
0.050000 0.750000 0
0.100000 0.750000 0
0.150000 0.750000 0
0.200000 0.750000 0
0.250000 0.750000 0
0.300000 0.750000 0
0.350000 0.750000 0
0.400000 0.750000 0
0.450000 0.750000 0
0.500000 0.750000 0
0.550000 0.750000 0
0.600000 0.750000 0
0.650000 0.750000 0
0.700000 0.750000 0
0.750000 0.750000 0
0.800000 0.750000 0
0.850000 0.750000 0
0.900000 0.750000 0
0.950000 0.750000 0
1.000000 0.750000 0
1.050000 0.750000 0
1.100000 0.750000 0
1.150000 0.750000 0
1.200000 0.750000 0
1.250000 0.750000 1
1.300000 0.750000 1
1.350000 0.750000 1
1.400000 0.750000 1
1.450000 0.750000 1
1.500000 0.750000 1
1.550000 0.750000 1
1.600000 0.750000 1
1.650000 0.750000 1
1.700000 0.750000 1
1.750000 0.750000 1
1.800000 0.750000 1
1.850000 0.750000 1
1.900000 0.750000 1
1.950000 0.750000 1
2.000000 0.750000 1
2.050000 0.750000 1
2.100000 0.750000 1
2.150000 0.750000 1
2.200000 0.750000 1
2.250000 0.750000 1
2.300000 0.750000 1
2.350000 0.750000 1
2.400000 0.750000 1
2.450000 0.750000 1
2.500000 0.750000 1
-1.500000 0.800000 0
-1.450000 0.800000 0
-1.400000 0.800000 0
-1.350000 0.800000 0
-1.300000 0.800000 0
-1.250000 0.800000 0
-1.200000 0.800000 0
-1.150000 0.800000 0
-1.100000 0.800000 0
-1.050000 0.800000 0
-1.000000 0.800000 0
-0.950000 0.800000 0
-0.900000 0.800000 0
-0.850000 0.800000 0
-0.800000 0.800000 0
-0.750000 0.800000 0
-0.700000 0.800000 0
-0.650000 0.800000 0
-0.600000 0.800000 0
-0.550000 0.800000 0
-0.500000 0.800000 0
-0.450000 0.800000 0
-0.400000 0.800000 0
-0.350000 0.800000 0
-0.300000 0.800000 0
-0.250000 0.800000 0
-0.200000 0.800000 0
-0.150000 0.800000 0
-0.100000 0.800000 0
-0.050000 0.800000 0
0.000000 0.800000 0
0.050000 0.800000 0
0.100000 0.800000 0
0.150000 0.800000 0
0.200000 0.800000 0
0.250000 0.800000 0
0.300000 0.800000 0
0.350000 0.800000 0
0.400000 0.800000 0
0.450000 0.800000 0
0.500000 0.800000 0
0.550000 0.800000 0
0.600000 0.800000 0
0.650000 0.800000 0
0.700000 0.800000 0
0.750000 0.800000 0
0.800000 0.800000 0
0.850000 0.800000 0
0.900000 0.800000 0
0.950000 0.800000 0
1.000000 0.800000 0
1.050000 0.800000 0
1.100000 0.800000 0
1.150000 0.800000 0
1.200000 0.800000 0
1.250000 0.800000 1
1.300000 0.800000 1
1.350000 0.800000 1
1.400000 0.800000 1
1.450000 0.800000 1
1.500000 0.800000 1
1.550000 0.800000 1
1.600000 0.800000 1
1.650000 0.800000 1
1.700000 0.800000 1
1.750000 0.800000 1
1.800000 0.800000 1
1.850000 0.800000 1
1.900000 0.800000 1
1.950000 0.800000 1
2.000000 0.800000 1
2.050000 0.800000 1
2.100000 0.800000 1
2.150000 0.800000 1
2.200000 0.800000 1
2.250000 0.800000 1
2.300000 0.800000 1
2.350000 0.800000 1
2.400000 0.800000 1
2.450000 0.800000 1
2.500000 0.800000 1
-1.500000 0.850000 0
-1.450000 0.850000 0
-1.400000 0.850000 0
-1.350000 0.850000 0
-1.300000 0.850000 0
-1.250000 0.850000 0
-1.200000 0.850000 0
-1.150000 0.850000 0
-1.100000 0.850000 0
-1.050000 0.850000 0
-1.000000 0.850000 0
-0.950000 0.850000 0
-0.900000 0.850000 0
-0.850000 0.850000 0
-0.800000 0.850000 0
-0.750000 0.850000 0
-0.700000 0.850000 0
-0.650000 0.850000 0
-0.600000 0.850000 0
-0.550000 0.850000 0
-0.500000 0.850000 0
-0.450000 0.850000 0
-0.400000 0.850000 0
-0.350000 0.850000 0
-0.300000 0.850000 0
-0.250000 0.850000 0
-0.200000 0.850000 0
-0.150000 0.850000 0
-0.100000 0.850000 0
-0.050000 0.850000 0
0.000000 0.850000 0
0.050000 0.850000 0
0.100000 0.850000 0
0.150000 0.850000 0
0.200000 0.850000 0
0.250000 0.850000 0
0.300000 0.850000 0
0.350000 0.850000 0
0.400000 0.850000 0
0.450000 0.850000 0
0.500000 0.850000 0
0.550000 0.850000 0
0.600000 0.850000 0
0.650000 0.850000 0
0.700000 0.850000 0
0.750000 0.850000 0
0.800000 0.850000 0
0.850000 0.850000 0
0.900000 0.850000 0
0.950000 0.850000 0
1.000000 0.850000 0
1.050000 0.850000 0
1.100000 0.850000 0
1.150000 0.850000 0
1.200000 0.850000 0
1.250000 0.850000 1
1.300000 0.850000 1
1.350000 0.850000 1
1.400000 0.850000 1
1.450000 0.850000 1
1.500000 0.850000 1
1.550000 0.850000 1
1.600000 0.850000 1
1.650000 0.850000 1
1.700000 0.850000 1
1.750000 0.850000 1
1.800000 0.850000 1
1.850000 0.850000 1
1.900000 0.850000 1
1.950000 0.850000 1
2.000000 0.850000 1
2.050000 0.850000 1
2.100000 0.850000 1
2.150000 0.850000 1
2.200000 0.850000 1
2.250000 0.850000 1
2.300000 0.850000 1
2.350000 0.850000 1
2.400000 0.850000 1
2.450000 0.850000 1
2.500000 0.850000 1
-1.500000 0.900000 0
-1.450000 0.900000 0
-1.400000 0.900000 0
-1.350000 0.900000 0
-1.300000 0.900000 0
-1.250000 0.900000 0
-1.200000 0.900000 0
-1.150000 0.900000 0
-1.100000 0.900000 0
-1.050000 0.900000 0
-1.000000 0.900000 0
-0.950000 0.900000 0
-0.900000 0.900000 0
-0.850000 0.900000 0
-0.800000 0.900000 0
-0.750000 0.900000 0
-0.700000 0.900000 0
-0.650000 0.900000 0
-0.600000 0.900000 0
-0.550000 0.900000 0
-0.500000 0.900000 0
-0.450000 0.900000 0
-0.400000 0.900000 0
-0.350000 0.900000 0
-0.300000 0.900000 0
-0.250000 0.900000 0
-0.200000 0.900000 0
-0.150000 0.900000 0
-0.100000 0.900000 0
-0.050000 0.900000 0
0.000000 0.900000 0
0.050000 0.900000 0
0.100000 0.900000 0
0.150000 0.900000 0
0.200000 0.900000 0
0.250000 0.900000 0
0.300000 0.900000 0
0.350000 0.900000 0
0.400000 0.900000 0
0.450000 0.900000 0
0.500000 0.900000 0
0.550000 0.900000 0
0.600000 0.900000 0
0.650000 0.900000 0
0.700000 0.900000 0
0.750000 0.900000 0
0.800000 0.900000 0
0.850000 0.900000 0
0.900000 0.900000 0
0.950000 0.900000 0
1.000000 0.900000 0
1.050000 0.900000 0
1.100000 0.900000 0
1.150000 0.900000 0
1.200000 0.900000 0
1.250000 0.900000 1
1.300000 0.900000 1
1.350000 0.900000 1
1.400000 0.900000 1
1.450000 0.900000 1
1.500000 0.900000 1
1.550000 0.900000 1
1.600000 0.900000 1
1.650000 0.900000 1
1.700000 0.900000 1
1.750000 0.900000 1
1.800000 0.900000 1
1.850000 0.900000 1
1.900000 0.900000 1
1.950000 0.900000 1
2.000000 0.900000 1
2.050000 0.900000 1
2.100000 0.900000 1
2.150000 0.900000 1
2.200000 0.900000 1
2.250000 0.900000 1
2.300000 0.900000 1
2.350000 0.900000 1
2.400000 0.900000 1
2.450000 0.900000 1
2.500000 0.900000 1
-1.500000 0.950000 0
-1.450000 0.950000 0
-1.400000 0.950000 0
-1.350000 0.950000 0
-1.300000 0.950000 0
-1.250000 0.950000 0
-1.200000 0.950000 0
-1.150000 0.950000 0
-1.100000 0.950000 0
-1.050000 0.950000 0
-1.000000 0.950000 0
-0.950000 0.950000 0
-0.900000 0.950000 0
-0.850000 0.950000 0
-0.800000 0.950000 0
-0.750000 0.950000 0
-0.700000 0.950000 0
-0.650000 0.950000 0
-0.600000 0.950000 0
-0.550000 0.950000 0
-0.500000 0.950000 0
-0.450000 0.950000 0
-0.400000 0.950000 0
-0.350000 0.950000 0
-0.300000 0.950000 0
-0.250000 0.950000 0
-0.200000 0.950000 0
-0.150000 0.950000 0
-0.100000 0.950000 0
-0.050000 0.950000 0
0.000000 0.950000 0
0.050000 0.950000 0
0.100000 0.950000 0
0.150000 0.950000 0
0.200000 0.950000 0
0.250000 0.950000 0
0.300000 0.950000 0
0.350000 0.950000 0
0.400000 0.950000 0
0.450000 0.950000 0
0.500000 0.950000 0
0.550000 0.950000 0
0.600000 0.950000 0
0.650000 0.950000 0
0.700000 0.950000 0
0.750000 0.950000 0
0.800000 0.950000 0
0.850000 0.950000 0
0.900000 0.950000 0
0.950000 0.950000 0
1.000000 0.950000 0
1.050000 0.950000 0
1.100000 0.950000 0
1.150000 0.950000 0
1.200000 0.950000 0
1.250000 0.950000 1
1.300000 0.950000 1
1.350000 0.950000 1
1.400000 0.950000 1
1.450000 0.950000 1
1.500000 0.950000 1
1.550000 0.950000 1
1.600000 0.950000 1
1.650000 0.950000 1
1.700000 0.950000 1
1.750000 0.950000 1
1.800000 0.950000 1
1.850000 0.950000 1
1.900000 0.950000 1
1.950000 0.950000 1
2.000000 0.950000 1
2.050000 0.950000 1
2.100000 0.950000 1
2.150000 0.950000 1
2.200000 0.950000 1
2.250000 0.950000 1
2.300000 0.950000 1
2.350000 0.950000 1
2.400000 0.950000 1
2.450000 0.950000 1
2.500000 0.950000 1
-1.500000 1.000000 0
-1.450000 1.000000 0
-1.400000 1.000000 0
-1.350000 1.000000 0
-1.300000 1.000000 0
-1.250000 1.000000 0
-1.200000 1.000000 0
-1.150000 1.000000 0
-1.100000 1.000000 0
-1.050000 1.000000 0
-1.000000 1.000000 0
-0.950000 1.000000 0
-0.900000 1.000000 0
-0.850000 1.000000 0
-0.800000 1.000000 0
-0.750000 1.000000 0
-0.700000 1.000000 0
-0.650000 1.000000 0
-0.600000 1.000000 0
-0.550000 1.000000 0
-0.500000 1.000000 0
-0.450000 1.000000 0
-0.400000 1.000000 0
-0.350000 1.000000 0
-0.300000 1.000000 0
-0.250000 1.000000 0
-0.200000 1.000000 0
-0.150000 1.000000 0
-0.100000 1.000000 0
-0.050000 1.000000 0
0.000000 1.000000 0
0.050000 1.000000 0
0.100000 1.000000 0
0.150000 1.000000 0
0.200000 1.000000 0
0.250000 1.000000 0
0.300000 1.000000 0
0.350000 1.000000 0
0.400000 1.000000 0
0.450000 1.000000 0
0.500000 1.000000 0
0.550000 1.000000 0
0.600000 1.000000 0
0.650000 1.000000 0
0.700000 1.000000 0
0.750000 1.000000 0
0.800000 1.000000 0
0.850000 1.000000 0
0.900000 1.000000 0
0.950000 1.000000 0
1.000000 1.000000 0
1.050000 1.000000 0
1.100000 1.000000 0
1.150000 1.000000 0
1.200000 1.000000 0
1.250000 1.000000 1
1.300000 1.000000 1
1.350000 1.000000 1
1.400000 1.000000 1
1.450000 1.000000 1
1.500000 1.000000 1
1.550000 1.000000 1
1.600000 1.000000 1
1.650000 1.000000 1
1.700000 1.000000 1
1.750000 1.000000 1
1.800000 1.000000 1
1.850000 1.000000 1
1.900000 1.000000 1
1.950000 1.000000 1
2.000000 1.000000 1
2.050000 1.000000 1
2.100000 1.000000 1
2.150000 1.000000 1
2.200000 1.000000 1
2.250000 1.000000 1
2.300000 1.000000 1
2.350000 1.000000 1
2.400000 1.000000 1
2.450000 1.000000 1
2.500000 1.000000 1
-1.500000 1.050000 0
-1.450000 1.050000 0
-1.400000 1.050000 0
-1.350000 1.050000 0
-1.300000 1.050000 0
-1.250000 1.050000 0
-1.200000 1.050000 0
-1.150000 1.050000 0
-1.100000 1.050000 0
-1.050000 1.050000 0
-1.000000 1.050000 0
-0.950000 1.050000 0
-0.900000 1.050000 0
-0.850000 1.050000 0
-0.800000 1.050000 0
-0.750000 1.050000 0
-0.700000 1.050000 0
-0.650000 1.050000 0
-0.600000 1.050000 0
-0.550000 1.050000 0
-0.500000 1.050000 0
-0.450000 1.050000 0
-0.400000 1.050000 0
-0.350000 1.050000 0
-0.300000 1.050000 0
-0.250000 1.050000 0
-0.200000 1.050000 0
-0.150000 1.050000 0
-0.100000 1.050000 0
-0.050000 1.050000 0
0.000000 1.050000 0
0.050000 1.050000 0
0.100000 1.050000 0
0.150000 1.050000 0
0.200000 1.050000 0
0.250000 1.050000 0
0.300000 1.050000 0
0.350000 1.050000 0
0.400000 1.050000 0
0.450000 1.050000 0
0.500000 1.050000 0
0.550000 1.050000 0
0.600000 1.050000 0
0.650000 1.050000 0
0.700000 1.050000 0
0.750000 1.050000 0
0.800000 1.050000 0
0.850000 1.050000 0
0.900000 1.050000 0
0.950000 1.050000 0
1.000000 1.050000 0
1.050000 1.050000 0
1.100000 1.050000 0
1.150000 1.050000 0
1.200000 1.050000 0
1.250000 1.050000 1
1.300000 1.050000 1
1.350000 1.050000 1
1.400000 1.050000 1
1.450000 1.050000 1
1.500000 1.050000 1
1.550000 1.050000 1
1.600000 1.050000 1
1.650000 1.050000 1
1.700000 1.050000 1
1.750000 1.050000 1
1.800000 1.050000 1
1.850000 1.050000 1
1.900000 1.050000 1
1.950000 1.050000 1
2.000000 1.050000 1
2.050000 1.050000 1
2.100000 1.050000 1
2.150000 1.050000 1
2.200000 1.050000 1
2.250000 1.050000 1
2.300000 1.050000 1
2.350000 1.050000 1
2.400000 1.050000 1
2.450000 1.050000 1
2.500000 1.050000 1
-1.500000 1.100000 0
-1.450000 1.100000 0
-1.400000 1.100000 0
-1.350000 1.100000 0
-1.300000 1.100000 0
-1.250000 1.100000 0
-1.200000 1.100000 0
-1.150000 1.100000 0
-1.100000 1.100000 0
-1.050000 1.100000 0
-1.000000 1.100000 0
-0.950000 1.100000 0
-0.900000 1.100000 0
-0.850000 1.100000 0
-0.800000 1.100000 0
-0.750000 1.100000 0
-0.700000 1.100000 0
-0.650000 1.100000 0
-0.600000 1.100000 0
-0.550000 1.100000 0
-0.500000 1.100000 0
-0.450000 1.100000 0
-0.400000 1.100000 0
-0.350000 1.100000 0
-0.300000 1.100000 0
-0.250000 1.100000 0
-0.200000 1.100000 0
-0.150000 1.100000 0
-0.100000 1.100000 0
-0.050000 1.100000 0
0.000000 1.100000 0
0.050000 1.100000 0
0.100000 1.100000 0
0.150000 1.100000 0
0.200000 1.100000 0
0.250000 1.100000 0
0.300000 1.100000 0
0.350000 1.100000 0
0.400000 1.100000 0
0.450000 1.100000 0
0.500000 1.100000 0
0.550000 1.100000 0
0.600000 1.100000 0
0.650000 1.100000 0
0.700000 1.100000 0
0.750000 1.100000 0
0.800000 1.100000 0
0.850000 1.100000 0
0.900000 1.100000 0
0.950000 1.100000 0
1.000000 1.100000 0
1.050000 1.100000 0
1.100000 1.100000 0
1.150000 1.100000 0
1.200000 1.100000 0
1.250000 1.100000 1
1.300000 1.100000 1
1.350000 1.100000 1
1.400000 1.100000 1
1.450000 1.100000 1
1.500000 1.100000 1
1.550000 1.100000 1
1.600000 1.100000 1
1.650000 1.100000 1
1.700000 1.100000 1
1.750000 1.100000 1
1.800000 1.100000 1
1.850000 1.100000 1
1.900000 1.100000 1
1.950000 1.100000 1
2.000000 1.100000 1
2.050000 1.100000 1
2.100000 1.100000 1
2.150000 1.100000 1
2.200000 1.100000 1
2.250000 1.100000 1
2.300000 1.100000 1
2.350000 1.100000 1
2.400000 1.100000 1
2.450000 1.100000 1
2.500000 1.100000 1
-1.500000 1.150000 0
-1.450000 1.150000 0
-1.400000 1.150000 0
-1.350000 1.150000 0
-1.300000 1.150000 0
-1.250000 1.150000 0
-1.200000 1.150000 0
-1.150000 1.150000 0
-1.100000 1.150000 0
-1.050000 1.150000 0
-1.000000 1.150000 0
-0.950000 1.150000 0
-0.900000 1.150000 0
-0.850000 1.150000 0
-0.800000 1.150000 0
-0.750000 1.150000 0
-0.700000 1.150000 0
-0.650000 1.150000 0
-0.600000 1.150000 0
-0.550000 1.150000 0
-0.500000 1.150000 0
-0.450000 1.150000 0
-0.400000 1.150000 0
-0.350000 1.150000 0
-0.300000 1.150000 0
-0.250000 1.150000 0
-0.200000 1.150000 0
-0.150000 1.150000 0
-0.100000 1.150000 0
-0.050000 1.150000 0
0.000000 1.150000 0
0.050000 1.150000 0
0.100000 1.150000 0
0.150000 1.150000 0
0.200000 1.150000 0
0.250000 1.150000 0
0.300000 1.150000 0
0.350000 1.150000 0
0.400000 1.150000 0
0.450000 1.150000 0
0.500000 1.150000 0
0.550000 1.150000 0
0.600000 1.150000 0
0.650000 1.150000 0
0.700000 1.150000 0
0.750000 1.150000 0
0.800000 1.150000 0
0.850000 1.150000 0
0.900000 1.150000 0
0.950000 1.150000 0
1.000000 1.150000 0
1.050000 1.150000 0
1.100000 1.150000 0
1.150000 1.150000 0
1.200000 1.150000 0
1.250000 1.150000 1
1.300000 1.150000 1
1.350000 1.150000 1
1.400000 1.150000 1
1.450000 1.150000 1
1.500000 1.150000 1
1.550000 1.150000 1
1.600000 1.150000 1
1.650000 1.150000 1
1.700000 1.150000 1
1.750000 1.150000 1
1.800000 1.150000 1
1.850000 1.150000 1
1.900000 1.150000 1
1.950000 1.150000 1
2.000000 1.150000 1
2.050000 1.150000 1
2.100000 1.150000 1
2.150000 1.150000 1
2.200000 1.150000 1
2.250000 1.150000 1
2.300000 1.150000 1
2.350000 1.150000 1
2.400000 1.150000 1
2.450000 1.150000 1
2.500000 1.150000 1
-1.500000 1.200000 0
-1.450000 1.200000 0
-1.400000 1.200000 0
-1.350000 1.200000 0
-1.300000 1.200000 0
-1.250000 1.200000 0
-1.200000 1.200000 0
-1.150000 1.200000 0
-1.100000 1.200000 0
-1.050000 1.200000 0
-1.000000 1.200000 0
-0.950000 1.200000 0
-0.900000 1.200000 0
-0.850000 1.200000 0
-0.800000 1.200000 0
-0.750000 1.200000 0
-0.700000 1.200000 0
-0.650000 1.200000 0
-0.600000 1.200000 0
-0.550000 1.200000 0
-0.500000 1.200000 0
-0.450000 1.200000 0
-0.400000 1.200000 0
-0.350000 1.200000 0
-0.300000 1.200000 0
-0.250000 1.200000 0
-0.200000 1.200000 0
-0.150000 1.200000 0
-0.100000 1.200000 0
-0.050000 1.200000 0
0.000000 1.200000 0
0.050000 1.200000 0
0.100000 1.200000 0
0.150000 1.200000 0
0.200000 1.200000 0
0.250000 1.200000 0
0.300000 1.200000 0
0.350000 1.200000 0
0.400000 1.200000 0
0.450000 1.200000 0
0.500000 1.200000 0
0.550000 1.200000 0
0.600000 1.200000 0
0.650000 1.200000 0
0.700000 1.200000 0
0.750000 1.200000 0
0.800000 1.200000 0
0.850000 1.200000 0
0.900000 1.200000 0
0.950000 1.200000 0
1.000000 1.200000 0
1.050000 1.200000 0
1.100000 1.200000 0
1.150000 1.200000 0
1.200000 1.200000 0
1.250000 1.200000 1
1.300000 1.200000 1
1.350000 1.200000 1
1.400000 1.200000 1
1.450000 1.200000 1
1.500000 1.200000 1
1.550000 1.200000 1
1.600000 1.200000 1
1.650000 1.200000 1
1.700000 1.200000 1
1.750000 1.200000 1
1.800000 1.200000 1
1.850000 1.200000 1
1.900000 1.200000 1
1.950000 1.200000 1
2.000000 1.200000 1
2.050000 1.200000 1
2.100000 1.200000 1
2.150000 1.200000 1
2.200000 1.200000 1
2.250000 1.200000 1
2.300000 1.200000 1
2.350000 1.200000 1
2.400000 1.200000 1
2.450000 1.200000 1
2.500000 1.200000 1
-1.500000 1.250000 0
-1.450000 1.250000 0
-1.400000 1.250000 0
-1.350000 1.250000 0
-1.300000 1.250000 0
-1.250000 1.250000 0
-1.200000 1.250000 0
-1.150000 1.250000 0
-1.100000 1.250000 0
-1.050000 1.250000 0
-1.000000 1.250000 0
-0.950000 1.250000 0
-0.900000 1.250000 0
-0.850000 1.250000 0
-0.800000 1.250000 0
-0.750000 1.250000 0
-0.700000 1.250000 0
-0.650000 1.250000 0
-0.600000 1.250000 0
-0.550000 1.250000 0
-0.500000 1.250000 0
-0.450000 1.250000 0
-0.400000 1.250000 0
-0.350000 1.250000 0
-0.300000 1.250000 0
-0.250000 1.250000 0
-0.200000 1.250000 0
-0.150000 1.250000 0
-0.100000 1.250000 0
-0.050000 1.250000 0
0.000000 1.250000 0
0.050000 1.250000 0
0.100000 1.250000 0
0.150000 1.250000 0
0.200000 1.250000 0
0.250000 1.250000 0
0.300000 1.250000 0
0.350000 1.250000 0
0.400000 1.250000 0
0.450000 1.250000 0
0.500000 1.250000 0
0.550000 1.250000 0
0.600000 1.250000 0
0.650000 1.250000 0
0.700000 1.250000 0
0.750000 1.250000 0
0.800000 1.250000 0
0.850000 1.250000 0
0.900000 1.250000 0
0.950000 1.250000 0
1.000000 1.250000 0
1.050000 1.250000 0
1.100000 1.250000 0
1.150000 1.250000 0
1.200000 1.250000 0
1.250000 1.250000 1
1.300000 1.250000 1
1.350000 1.250000 1
1.400000 1.250000 1
1.450000 1.250000 1
1.500000 1.250000 1
1.550000 1.250000 1
1.600000 1.250000 1
1.650000 1.250000 1
1.700000 1.250000 1
1.750000 1.250000 1
1.800000 1.250000 1
1.850000 1.250000 1
1.900000 1.250000 1
1.950000 1.250000 1
2.000000 1.250000 1
2.050000 1.250000 1
2.100000 1.250000 1
2.150000 1.250000 1
2.200000 1.250000 1
2.250000 1.250000 1
2.300000 1.250000 1
2.350000 1.250000 1
2.400000 1.250000 1
2.450000 1.250000 1
2.500000 1.250000 1
-1.500000 1.300000 0
-1.450000 1.300000 0
-1.400000 1.300000 0
-1.350000 1.300000 0
-1.300000 1.300000 0
-1.250000 1.300000 0
-1.200000 1.300000 0
-1.150000 1.300000 0
-1.100000 1.300000 0
-1.050000 1.300000 0
-1.000000 1.300000 0
-0.950000 1.300000 0
-0.900000 1.300000 0
-0.850000 1.300000 0
-0.800000 1.300000 0
-0.750000 1.300000 0
-0.700000 1.300000 0
-0.650000 1.300000 0
-0.600000 1.300000 0
-0.550000 1.300000 0
-0.500000 1.300000 0
-0.450000 1.300000 0
-0.400000 1.300000 0
-0.350000 1.300000 0
-0.300000 1.300000 0
-0.250000 1.300000 0
-0.200000 1.300000 0
-0.150000 1.300000 0
-0.100000 1.300000 0
-0.050000 1.300000 0
0.000000 1.300000 0
0.050000 1.300000 0
0.100000 1.300000 0
0.150000 1.300000 0
0.200000 1.300000 0
0.250000 1.300000 0
0.300000 1.300000 0
0.350000 1.300000 0
0.400000 1.300000 0
0.450000 1.300000 0
0.500000 1.300000 0
0.550000 1.300000 0
0.600000 1.300000 0
0.650000 1.300000 0
0.700000 1.300000 0
0.750000 1.300000 0
0.800000 1.300000 0
0.850000 1.300000 0
0.900000 1.300000 0
0.950000 1.300000 0
1.000000 1.300000 0
1.050000 1.300000 0
1.100000 1.300000 0
1.150000 1.300000 0
1.200000 1.300000 0
1.250000 1.300000 1
1.300000 1.300000 1
1.350000 1.300000 1
1.400000 1.300000 1
1.450000 1.300000 1
1.500000 1.300000 1
1.550000 1.300000 1
1.600000 1.300000 1
1.650000 1.300000 1
1.700000 1.300000 1
1.750000 1.300000 1
1.800000 1.300000 1
1.850000 1.300000 1
1.900000 1.300000 1
1.950000 1.300000 1
2.000000 1.300000 1
2.050000 1.300000 1
2.100000 1.300000 1
2.150000 1.300000 1
2.200000 1.300000 1
2.250000 1.300000 1
2.300000 1.300000 1
2.350000 1.300000 1
2.400000 1.300000 1
2.450000 1.300000 1
2.500000 1.300000 1
-1.500000 1.350000 0
-1.450000 1.350000 0
-1.400000 1.350000 0
-1.350000 1.350000 0
-1.300000 1.350000 0
-1.250000 1.350000 0
-1.200000 1.350000 0
-1.150000 1.350000 0
-1.100000 1.350000 0
-1.050000 1.350000 0
-1.000000 1.350000 0
-0.950000 1.350000 0
-0.900000 1.350000 0
-0.850000 1.350000 0
-0.800000 1.350000 0
-0.750000 1.350000 0
-0.700000 1.350000 0
-0.650000 1.350000 0
-0.600000 1.350000 0
-0.550000 1.350000 0
-0.500000 1.350000 0
-0.450000 1.350000 0
-0.400000 1.350000 0
-0.350000 1.350000 0
-0.300000 1.350000 0
-0.250000 1.350000 0
-0.200000 1.350000 0
-0.150000 1.350000 0
-0.100000 1.350000 0
-0.050000 1.350000 0
0.000000 1.350000 0
0.050000 1.350000 0
0.100000 1.350000 0
0.150000 1.350000 0
0.200000 1.350000 0
0.250000 1.350000 0
0.300000 1.350000 0
0.350000 1.350000 0
0.400000 1.350000 0
0.450000 1.350000 0
0.500000 1.350000 0
0.550000 1.350000 0
0.600000 1.350000 0
0.650000 1.350000 0
0.700000 1.350000 0
0.750000 1.350000 0
0.800000 1.350000 0
0.850000 1.350000 0
0.900000 1.350000 0
0.950000 1.350000 0
1.000000 1.350000 0
1.050000 1.350000 0
1.100000 1.350000 0
1.150000 1.350000 0
1.200000 1.350000 0
1.250000 1.350000 1
1.300000 1.350000 1
1.350000 1.350000 1
1.400000 1.350000 1
1.450000 1.350000 1
1.500000 1.350000 1
1.550000 1.350000 1
1.600000 1.350000 1
1.650000 1.350000 1
1.700000 1.350000 1
1.750000 1.350000 1
1.800000 1.350000 1
1.850000 1.350000 1
1.900000 1.350000 1
1.950000 1.350000 1
2.000000 1.350000 1
2.050000 1.350000 1
2.100000 1.350000 1
2.150000 1.350000 1
2.200000 1.350000 1
2.250000 1.350000 1
2.300000 1.350000 1
2.350000 1.350000 1
2.400000 1.350000 1
2.450000 1.350000 1
2.500000 1.350000 1
-1.500000 1.400000 0
-1.450000 1.400000 0
-1.400000 1.400000 0
-1.350000 1.400000 0
-1.300000 1.400000 0
-1.250000 1.400000 0
-1.200000 1.400000 0
-1.150000 1.400000 0
-1.100000 1.400000 0
-1.050000 1.400000 0
-1.000000 1.400000 0
-0.950000 1.400000 0
-0.900000 1.400000 0
-0.850000 1.400000 0
-0.800000 1.400000 0
-0.750000 1.400000 0
-0.700000 1.400000 0
-0.650000 1.400000 0
-0.600000 1.400000 0
-0.550000 1.400000 0
-0.500000 1.400000 0
-0.450000 1.400000 0
-0.400000 1.400000 0
-0.350000 1.400000 0
-0.300000 1.400000 0
-0.250000 1.400000 0
-0.200000 1.400000 0
-0.150000 1.400000 0
-0.100000 1.400000 0
-0.050000 1.400000 0
0.000000 1.400000 0
0.050000 1.400000 0
0.100000 1.400000 0
0.150000 1.400000 0
0.200000 1.400000 0
0.250000 1.400000 0
0.300000 1.400000 0
0.350000 1.400000 0
0.400000 1.400000 0
0.450000 1.400000 0
0.500000 1.400000 0
0.550000 1.400000 0
0.600000 1.400000 0
0.650000 1.400000 0
0.700000 1.400000 0
0.750000 1.400000 0
0.800000 1.400000 0
0.850000 1.400000 0
0.900000 1.400000 0
0.950000 1.400000 0
1.000000 1.400000 0
1.050000 1.400000 0
1.100000 1.400000 0
1.150000 1.400000 0
1.200000 1.400000 0
1.250000 1.400000 1
1.300000 1.400000 1
1.350000 1.400000 1
1.400000 1.400000 1
1.450000 1.400000 1
1.500000 1.400000 1
1.550000 1.400000 1
1.600000 1.400000 1
1.650000 1.400000 1
1.700000 1.400000 1
1.750000 1.400000 1
1.800000 1.400000 1
1.850000 1.400000 1
1.900000 1.400000 1
1.950000 1.400000 1
2.000000 1.400000 1
2.050000 1.400000 1
2.100000 1.400000 1
2.150000 1.400000 1
2.200000 1.400000 1
2.250000 1.400000 1
2.300000 1.400000 1
2.350000 1.400000 1
2.400000 1.400000 1
2.450000 1.400000 1
2.500000 1.400000 1
-1.500000 1.450000 0
-1.450000 1.450000 0
-1.400000 1.450000 0
-1.350000 1.450000 0
-1.300000 1.450000 0
-1.250000 1.450000 0
-1.200000 1.450000 0
-1.150000 1.450000 0
-1.100000 1.450000 0
-1.050000 1.450000 0
-1.000000 1.450000 0
-0.950000 1.450000 0
-0.900000 1.450000 0
-0.850000 1.450000 0
-0.800000 1.450000 0
-0.750000 1.450000 0
-0.700000 1.450000 0
-0.650000 1.450000 0
-0.600000 1.450000 0
-0.550000 1.450000 0
-0.500000 1.450000 0
-0.450000 1.450000 0
-0.400000 1.450000 0
-0.350000 1.450000 0
-0.300000 1.450000 0
-0.250000 1.450000 0
-0.200000 1.450000 0
-0.150000 1.450000 0
-0.100000 1.450000 0
-0.050000 1.450000 0
0.000000 1.450000 0
0.050000 1.450000 0
0.100000 1.450000 0
0.150000 1.450000 0
0.200000 1.450000 0
0.250000 1.450000 0
0.300000 1.450000 0
0.350000 1.450000 0
0.400000 1.450000 0
0.450000 1.450000 0
0.500000 1.450000 0
0.550000 1.450000 0
0.600000 1.450000 0
0.650000 1.450000 0
0.700000 1.450000 0
0.750000 1.450000 0
0.800000 1.450000 0
0.850000 1.450000 0
0.900000 1.450000 0
0.950000 1.450000 0
1.000000 1.450000 0
1.050000 1.450000 0
1.100000 1.450000 0
1.150000 1.450000 0
1.200000 1.450000 0
1.250000 1.450000 1
1.300000 1.450000 1
1.350000 1.450000 1
1.400000 1.450000 1
1.450000 1.450000 1
1.500000 1.450000 1
1.550000 1.450000 1
1.600000 1.450000 1
1.650000 1.450000 1
1.700000 1.450000 1
1.750000 1.450000 1
1.800000 1.450000 1
1.850000 1.450000 1
1.900000 1.450000 1
1.950000 1.450000 1
2.000000 1.450000 1
2.050000 1.450000 1
2.100000 1.450000 1
2.150000 1.450000 1
2.200000 1.450000 1
2.250000 1.450000 1
2.300000 1.450000 1
2.350000 1.450000 1
2.400000 1.450000 1
2.450000 1.450000 1
2.500000 1.450000 1
-1.500000 1.500000 0
-1.450000 1.500000 0
-1.400000 1.500000 0
-1.350000 1.500000 0
-1.300000 1.500000 0
-1.250000 1.500000 0
-1.200000 1.500000 0
-1.150000 1.500000 0
-1.100000 1.500000 0
-1.050000 1.500000 0
-1.000000 1.500000 0
-0.950000 1.500000 0
-0.900000 1.500000 0
-0.850000 1.500000 0
-0.800000 1.500000 0
-0.750000 1.500000 0
-0.700000 1.500000 0
-0.650000 1.500000 0
-0.600000 1.500000 0
-0.550000 1.500000 0
-0.500000 1.500000 0
-0.450000 1.500000 0
-0.400000 1.500000 0
-0.350000 1.500000 0
-0.300000 1.500000 0
-0.250000 1.500000 0
-0.200000 1.500000 0
-0.150000 1.500000 0
-0.100000 1.500000 0
-0.050000 1.500000 0
0.000000 1.500000 0
0.050000 1.500000 0
0.100000 1.500000 0
0.150000 1.500000 0
0.200000 1.500000 0
0.250000 1.500000 0
0.300000 1.500000 0
0.350000 1.500000 0
0.400000 1.500000 0
0.450000 1.500000 0
0.500000 1.500000 0
0.550000 1.500000 0
0.600000 1.500000 0
0.650000 1.500000 0
0.700000 1.500000 0
0.750000 1.500000 0
0.800000 1.500000 0
0.850000 1.500000 0
0.900000 1.500000 0
0.950000 1.500000 0
1.000000 1.500000 0
1.050000 1.500000 0
1.100000 1.500000 0
1.150000 1.500000 0
1.200000 1.500000 0
1.250000 1.500000 1
1.300000 1.500000 1
1.350000 1.500000 1
1.400000 1.500000 1
1.450000 1.500000 1
1.500000 1.500000 1
1.550000 1.500000 1
1.600000 1.500000 1
1.650000 1.500000 1
1.700000 1.500000 1
1.750000 1.500000 1
1.800000 1.500000 1
1.850000 1.500000 1
1.900000 1.500000 1
1.950000 1.500000 1
2.000000 1.500000 1
2.050000 1.500000 1
2.100000 1.500000 1
2.150000 1.500000 1
2.200000 1.500000 1
2.250000 1.500000 1
2.300000 1.500000 1
2.350000 1.500000 1
2.400000 1.500000 1
2.450000 1.500000 1
2.500000 1.500000 1
-1.500000 1.550000 0
-1.450000 1.550000 0
-1.400000 1.550000 0
-1.350000 1.550000 0
-1.300000 1.550000 0
-1.250000 1.550000 0
-1.200000 1.550000 0
-1.150000 1.550000 0
-1.100000 1.550000 0
-1.050000 1.550000 0
-1.000000 1.550000 0
-0.950000 1.550000 0
-0.900000 1.550000 0
-0.850000 1.550000 0
-0.800000 1.550000 0
-0.750000 1.550000 0
-0.700000 1.550000 0
-0.650000 1.550000 0
-0.600000 1.550000 0
-0.550000 1.550000 0
-0.500000 1.550000 0
-0.450000 1.550000 0
-0.400000 1.550000 0
-0.350000 1.550000 0
-0.300000 1.550000 0
-0.250000 1.550000 0
-0.200000 1.550000 0
-0.150000 1.550000 0
-0.100000 1.550000 0
-0.050000 1.550000 0
0.000000 1.550000 0
0.050000 1.550000 0
0.100000 1.550000 0
0.150000 1.550000 0
0.200000 1.550000 0
0.250000 1.550000 0
0.300000 1.550000 0
0.350000 1.550000 0
0.400000 1.550000 0
0.450000 1.550000 0
0.500000 1.550000 0
0.550000 1.550000 0
0.600000 1.550000 0
0.650000 1.550000 0
0.700000 1.550000 0
0.750000 1.550000 0
0.800000 1.550000 0
0.850000 1.550000 0
0.900000 1.550000 0
0.950000 1.550000 0
1.000000 1.550000 0
1.050000 1.550000 0
1.100000 1.550000 0
1.150000 1.550000 0
1.200000 1.550000 0
1.250000 1.550000 1
1.300000 1.550000 1
1.350000 1.550000 1
1.400000 1.550000 1
1.450000 1.550000 1
1.500000 1.550000 1
1.550000 1.550000 1
1.600000 1.550000 1
1.650000 1.550000 1
1.700000 1.550000 1
1.750000 1.550000 1
1.800000 1.550000 1
1.850000 1.550000 1
1.900000 1.550000 1
1.950000 1.550000 1
2.000000 1.550000 1
2.050000 1.550000 1
2.100000 1.550000 1
2.150000 1.550000 1
2.200000 1.550000 1
2.250000 1.550000 1
2.300000 1.550000 1
2.350000 1.550000 1
2.400000 1.550000 1
2.450000 1.550000 1
2.500000 1.550000 1
-1.500000 1.600000 0
-1.450000 1.600000 0
-1.400000 1.600000 0
-1.350000 1.600000 0
-1.300000 1.600000 0
-1.250000 1.600000 0
-1.200000 1.600000 0
-1.150000 1.600000 0
-1.100000 1.600000 0
-1.050000 1.600000 0
-1.000000 1.600000 0
-0.950000 1.600000 0
-0.900000 1.600000 0
-0.850000 1.600000 0
-0.800000 1.600000 0
-0.750000 1.600000 0
-0.700000 1.600000 0
-0.650000 1.600000 0
-0.600000 1.600000 0
-0.550000 1.600000 0
-0.500000 1.600000 0
-0.450000 1.600000 0
-0.400000 1.600000 0
-0.350000 1.600000 0
-0.300000 1.600000 0
-0.250000 1.600000 0
-0.200000 1.600000 0
-0.150000 1.600000 0
-0.100000 1.600000 0
-0.050000 1.600000 0
0.000000 1.600000 0
0.050000 1.600000 0
0.100000 1.600000 0
0.150000 1.600000 0
0.200000 1.600000 0
0.250000 1.600000 0
0.300000 1.600000 0
0.350000 1.600000 0
0.400000 1.600000 0
0.450000 1.600000 0
0.500000 1.600000 0
0.550000 1.600000 0
0.600000 1.600000 0
0.650000 1.600000 0
0.700000 1.600000 0
0.750000 1.600000 0
0.800000 1.600000 0
0.850000 1.600000 0
0.900000 1.600000 0
0.950000 1.600000 0
1.000000 1.600000 0
1.050000 1.600000 0
1.100000 1.600000 0
1.150000 1.600000 0
1.200000 1.600000 0
1.250000 1.600000 1
1.300000 1.600000 1
1.350000 1.600000 1
1.400000 1.600000 1
1.450000 1.600000 1
1.500000 1.600000 1
1.550000 1.600000 1
1.600000 1.600000 1
1.650000 1.600000 1
1.700000 1.600000 1
1.750000 1.600000 1
1.800000 1.600000 1
1.850000 1.600000 1
1.900000 1.600000 1
1.950000 1.600000 1
2.000000 1.600000 1
2.050000 1.600000 1
2.100000 1.600000 1
2.150000 1.600000 1
2.200000 1.600000 1
2.250000 1.600000 1
2.300000 1.600000 1
2.350000 1.600000 1
2.400000 1.600000 1
2.450000 1.600000 1
2.500000 1.600000 1
