x y
0.719013 0.445660
-1.111066 -0.504111
0.924322 0.417963
0.779786 0.345238
-0.391457 0.402918
-0.823642 0.943519
1.001560 0.161300
0.704859 0.966740
0.213694 0.751971
-1.079533 1.261917
0.430275 1.024332
-0.084110 1.346919
-0.001524 0.542721
0.958954 0.668507
-0.445737 0.265363
0.756953 0.790016
0.841528 -0.010198
-0.721437 0.675930
-0.194143 0.832918
0.552285 0.623402
-0.204259 1.136793
1.213554 -0.044090
-0.701248 0.513518
-0.963666 0.902101
-0.532042 0.032501
0.872170 0.524084
0.428201 0.423483
0.058262 0.892701
-0.218579 1.049320
-1.099550 0.434288
1.076485 0.385028
-1.449418 0.301482
-0.224234 1.115588
0.341588 0.894138
-1.018538 0.680024
-1.119265 0.906174
-0.940763 0.637721
1.020726 0.330269
0.415057 0.890968
-0.546048 0.904724
-0.248813 1.446424
0.778786 -0.044824
-0.508395 0.995835
0.837060 0.767681
1.172737 0.505034
-0.659648 0.882620
-1.197552 0.459865
0.224883 1.397391
1.154308 -0.119454
-0.553369 0.900676
-0.972569 0.013513
-0.593455 1.223186
0.100727 0.627081
-0.603857 0.757644
0.123975 1.116609
-0.287488 1.354582
-0.654477 0.275667
0.967343 0.281044
0.050080 0.644401
0.494795 0.178284
0.800493 0.872353
-0.408075 0.391458
0.167747 0.990237
-0.980103 0.750632
0.623034 -0.171672
1.077530 0.600918
-0.497032 0.482601
-1.429164 0.528414
-1.174331 0.076088
0.683223 0.582774
0.452059 1.145825
-0.841636 1.028714
-0.303168 0.892895
1.078723 0.207462
0.328135 1.215516
0.796280 0.226773
0.283393 0.794106
-0.447562 0.856723
0.742454 1.217990
0.689815 0.781269
0.802865 0.857716
0.268663 0.878461
0.647576 1.008644
-1.356988 0.133466
-1.133516 0.576612
-0.520142 0.219555
-0.721924 0.431286
-0.617031 0.426444
0.201425 0.776809
-1.072986 0.380663
0.365311 1.122851
0.221658 0.604952
-0.676255 0.466738
-0.721886 0.771313
-0.936867 0.451094
0.460733 1.024911
0.898857 0.207360
0.862074 0.228641
-0.572767 0.902440
0.304180 1.052089
