x y
1.670543 -0.716099
-0.204628 0.249883
1.768554 -0.282343
1.978210 -0.157213
0.883292 -0.471483
1.264949 -0.685600
0.041020 -0.342057
1.788227 -0.386180
1.512693 -0.075002
0.060383 -0.246764
2.134143 0.005494
0.874095 -0.423375
1.259969 -0.033945
0.190454 0.285685
2.028357 -0.117052
1.808637 -0.056119
-0.106712 0.140494
0.850497 -0.323392
-0.029342 0.340975
1.755162 0.307051
0.602860 0.032686
-0.278408 0.543099
0.664467 -0.598851
0.178176 -0.060207
1.527732 -0.370330
0.171803 -0.376036
1.140929 -0.382074
0.534495 -0.220635
2.346995 0.025340
1.289234 -0.501521
0.893632 -0.598892
-0.027500 -0.122992
1.541839 -0.459902
1.056529 -0.361334
1.666802 -0.265961
0.610187 -0.548808
-0.137627 -0.640854
-0.662044 0.749273
0.772943 -0.201850
0.102982 0.056801
0.713965 -0.005394
2.184541 0.107921
0.618463 -0.759247
2.064140 0.736252
-0.012428 0.206375
0.659185 -0.350215
1.959035 0.221698
1.992517 -0.053814
2.055668 0.205807
1.770704 -0.101884
1.785896 -0.378762
0.746348 -0.332778
0.034187 -0.125361
1.438712 -1.049119
1.999484 0.549087
0.203713 0.704702
1.623695 -0.351523
1.734983 -0.770858
2.055644 0.288001
0.675487 -0.409470
-0.186259 0.188601
-0.315667 0.109709
0.385116 0.171632
0.970475 -0.386851
1.921371 0.671834
0.314638 -0.296447
1.377258 -0.103870
1.482877 0.207553
0.972983 -0.105220
2.093298 0.515671
-0.196749 0.207915
-0.070152 0.606941
0.376385 0.429306
1.209558 -0.536608
-0.079567 -0.122013
0.485328 -0.452520
1.689551 -0.800398
0.937068 -0.289835
1.350241 -0.482758
0.199351 0.203419
0.400221 -0.045349
1.368615 -0.537170
1.412356 -0.171996
0.609114 -0.820831
1.380989 0.200674
0.473292 -0.224848
1.500720 -0.484728
1.017643 -0.888025
0.289754 -0.018493
0.908428 -0.246002
1.296777 0.787101
1.482801 -0.351238
1.885838 0.278170
2.127772 -0.522759
1.918539 0.455658
1.040881 -0.767908
-0.098571 0.248705
1.512368 0.103022
0.310692 0.018555
1.488185 -0.093428
