it e1 e03 e005
1 0.223772 0.452697 0.620545
5 0.139438 0.205216 0.497201
9 0.143122 0.157407 0.411377
13 0.134106 0.139765 0.348295
17 0.135828 0.137074 0.301626
21 0.136250 0.132250 0.265960
25 0.136216 0.128731 0.237788
29 0.137269 0.132788 0.216590
33 0.134203 0.130216 0.199104
37 0.133846 0.126371 0.186262
41 0.133838 0.126397 0.175314
45 0.133838 0.125138 0.166218
49 0.133838 0.127376 0.158977
53 0.133838 0.126085 0.154776
57 0.133838 0.127065 0.150863
61 0.133838 0.126204 0.148284
65 0.133838 0.128418 0.145537
69 0.133838 0.128601 0.145266
73 0.133838 0.126991 0.143724
77 0.133838 0.127760 0.143120
81 0.133838 0.128643 0.143043
85 0.133838 0.128668 0.141404
89 0.133838 0.128672 0.140149
93 0.133838 0.128222 0.140210
97 0.133838 0.128396 0.139904
101 0.133838 0.128321 0.139437
105 0.133838 0.128653 0.138979
109 0.133838 0.128947 0.139087
113 0.133838 0.128831 0.137719
117 0.133838 0.128619 0.137337
121 0.133838 0.128782 0.135050
125 0.133838 0.129236 0.133644
129 0.133838 0.129393 0.133630
133 0.133838 0.129932 0.133573
137 0.133838 0.129908 0.132804
141 0.133838 0.130484 0.131958
145 0.133838 0.130508 0.132469
149 0.133838 0.130811 0.131722
153 0.133838 0.130464 0.131964
157 0.133838 0.130775 0.132399
161 0.133838 0.131215 0.131939
165 0.133838 0.132037 0.132723
169 0.133838 0.132037 0.132622
173 0.133838 0.132037 0.132671
177 0.133838 0.132037 0.132622
181 0.133838 0.132037 0.132725
185 0.133838 0.132037 0.132498
189 0.133838 0.132037 0.132426
193 0.133838 0.132037 0.132501
197 0.133838 0.132037 0.132232
201 0.133838 0.132037 0.131859
205 0.133838 0.132037 0.132027
209 0.133838 0.132037 0.132001
213 0.133838 0.132037 0.132132
217 0.133838 0.132037 0.131856
221 0.133838 0.132037 0.131424
225 0.133838 0.132037 0.131400
229 0.133838 0.132037 0.131243
233 0.133838 0.132037 0.130842
237 0.133838 0.132037 0.130749
241 0.133838 0.132037 0.131103
245 0.133838 0.132037 0.130669
249 0.133838 0.132037 0.130438
253 0.133838 0.132037 0.130287
257 0.133838 0.132037 0.130242
261 0.133838 0.132037 0.130175
265 0.133838 0.132037 0.130169
269 0.133838 0.132037 0.130374
273 0.133838 0.132037 0.130208
277 0.133838 0.132037 0.130258
281 0.133838 0.132037 0.130350
285 0.133838 0.132037 0.130400
289 0.133838 0.132037 0.130650
293 0.133838 0.132037 0.130754
297 0.133838 0.132037 0.130771
301 0.133838 0.132037 0.130838
305 0.133838 0.132037 0.131141
309 0.133838 0.132037 0.131254
313 0.133838 0.132037 0.131177
317 0.133838 0.132037 0.131295
321 0.133838 0.132037 0.131364
325 0.133838 0.132037 0.131500
329 0.133838 0.132037 0.131568
333 0.133838 0.132037 0.131703
337 0.133838 0.132037 0.131760
341 0.133838 0.132037 0.131622
345 0.133838 0.132037 0.131899
349 0.133838 0.132037 0.131803
353 0.133838 0.132037 0.131664
357 0.133838 0.132037 0.131745
361 0.133838 0.132037 0.131842
365 0.133838 0.132037 0.131720
369 0.133838 0.132037 0.131839
373 0.133838 0.132037 0.131733
377 0.133838 0.132037 0.131771
381 0.133838 0.132037 0.131650
385 0.133838 0.132037 0.131628
389 0.133838 0.132037 0.131560
393 0.133838 0.132037 0.131483
397 0.133838 0.132037 0.131502
