x y c
0.296356 1.087707 2
1.473785 2.998841 0
1.524222 3.748151 0
2.917680 4.076446 0
2.017009 4.728734 0
3.146346 0.477655 1
-1.136974 -0.122796 2
3.031016 4.107940 0
-0.182598 -1.655690 2
0.304378 -0.173708 2
-0.015304 0.940001 2
3.181188 0.641460 1
1.880327 3.806048 0
1.434074 -0.343211 2
4.144053 0.946455 1
-1.947814 0.090181 2
3.881482 2.201150 1
0.441163 1.833766 2
3.998235 0.888566 1
0.929217 0.308862 2
1.114049 3.858971 0
-1.162691 -0.270414 2
5.160936 0.148058 1
1.548405 2.329754 0
4.301237 0.891616 1
4.531377 1.587908 1
2.624603 3.155328 0
4.569649 -0.440573 1
-0.323114 -1.107615 2
-0.091537 -0.398539 2
3.542895 1.233946 1
0.466696 2.218127 0
3.872221 1.439157 1
2.120958 4.612056 0
0.768626 0.606696 2
1.068453 0.242103 2
1.213795 5.669346 0
4.048370 -0.070871 1
2.975284 1.247877 1
-0.271058 -0.188947 2
-0.663308 0.070168 2
0.205256 -0.791023 2
3.822943 0.061476 1
2.461528 4.574245 0
0.292043 0.619266 2
-0.300536 -0.059577 2
3.668473 1.053851 1
1.853299 3.072154 0
-0.906507 0.346474 2
0.305493 0.453020 2
0.556096 -1.626773 2
1.735459 4.229767 0
1.530890 5.387613 0
1.724301 2.398337 0
4.663831 1.268853 1
4.505439 1.334074 1
4.628917 1.155335 1
-0.031656 0.260803 2
-0.522600 0.673965 2
1.129471 3.393716 0
3.120562 0.454775 1
2.315963 3.036949 0
1.332450 3.473825 0
1.324553 3.552144 0
3.505300 1.303036 1
4.442131 0.327646 1
-0.260040 -0.448188 2
-0.335453 -0.105863 2
4.888516 0.701329 1
2.450164 3.534343 0
4.087961 -0.530819 1
4.868645 1.721744 1
2.415140 3.605604 0
0.938825 -1.874883 2
0.887315 -1.411934 2
0.144328 0.442531 2
3.989748 3.638911 0
0.287307 0.497776 2
3.993919 0.252935 1
4.745510 2.174666 1
3.866265 0.538711 1
0.402305 -0.996230 2
2.242588 3.336100 0
-1.708957 1.312217 2
1.344881 3.733889 0
2.924424 3.796376 0
3.139974 3.642514 0
4.068292 1.532267 1
1.868830 4.297298 0
0.488115 0.338798 2
3.917318 1.678680 1
4.410601 0.732125 1
-0.575403 -0.466732 2
4.026052 -0.312448 1
4.696673 1.474245 1
1.321067 4.265232 0
-0.243269 2.068236 2
3.449668 2.354987 1
3.530081 3.963789 0
0.000008 0.433882 2
0.163366 1.125357 2
0.033232 -0.894340 2
2.252221 5.492967 0
1.985871 4.188833 0
1.743252 4.199611 0
-0.977143 1.443581 2
5.197561 -0.224889 1
3.044000 0.609656 1
-0.250807 0.616809 2
1.271947 4.941163 0
3.099277 1.390797 1
3.079198 0.658782 1
3.332388 0.202432 1
2.945946 -0.620475 1
-0.369604 0.280711 2
3.833037 1.110094 1
4.570820 3.023788 1
0.601572 -0.795009 2
4.052901 1.428447 1
0.897794 4.948839 0
1.364102 3.675771 0
-0.333406 -0.045013 2
1.947672 4.612893 0
0.401486 -0.675371 2
1.130761 3.815266 0
3.750183 2.715742 1
4.598079 0.813682 1
0.556958 0.557933 2
4.670093 0.894654 1
4.822548 0.422496 1
3.861113 3.492757 0
1.827960 3.139977 0
4.906197 1.296244 1
1.854002 2.537387 0
0.431247 -0.476928 2
3.773184 1.430739 1
1.285113 4.601522 0
1.156067 3.053794 0
1.225408 -1.588677 2
2.149217 3.873257 0
3.517487 1.033566 1
5.296874 1.570147 1
-1.390368 0.832659 2
2.416888 3.433444 0
3.441463 1.191961 1
3.320004 0.318127 1
1.989328 3.385341 0
3.747445 -0.080002 1
3.557640 1.239621 1
0.419437 0.588224 2
-1.494473 1.384948 2
-0.258864 0.339060 2
0.936523 3.403523 0
4.450135 0.868388 1
4.998760 0.003419 1
3.861543 0.683723 1
2.205047 4.614100 0
0.172893 -1.486890 2
0.776487 3.753610 0
4.261654 -0.164288 1
0.639344 1.010091 2
1.293500 5.236309 0
2.223547 2.542215 0
1.876472 2.600569 0
0.481213 0.002928 2
3.517546 3.496737 0
4.655908 0.495105 1
-0.598297 0.007220 2
1.188430 3.107789 0
2.165352 3.943299 0
2.711601 1.399952 1
4.566074 1.091243 1
2.100478 1.046816 1
2.623584 4.821278 0
2.656451 3.608674 0
2.519677 1.264390 1
-0.510124 -0.950090 2
4.468963 0.983690 1
4.695679 0.130328 1
2.341614 4.325590 0
-1.632258 0.037004 2
3.848765 0.640537 1
3.860003 -0.149715 1
2.878408 3.185698 0
4.312237 1.780408 1
2.306564 3.666405 0
2.157010 3.299283 0
3.702785 3.528773 0
3.934204 0.756267 1
1.950692 3.237682 0
5.546526 0.143363 1
1.210744 5.234829 0
0.476943 3.041488 0
-1.185972 0.677050 2
5.313532 1.249358 1
2.381309 1.214378 1
4.915884 0.878306 1
-0.542140 -1.151551 2
1.002022 3.937963 0
1.729622 4.274570 0
0.663567 0.504498 2
1.293833 4.707795 0
-0.146605 0.815884 2
0.317216 -0.251694 2
3.616012 0.184281 1
5.107025 1.118679 1
4.836382 2.095213 1
0.099859 0.605202 2
0.398352 0.101203 2
3.286954 0.656897 1
0.659762 0.998570 2
-0.215246 1.785093 2
3.789290 0.458112 1
2.239369 4.543414 0
-0.907455 -0.565937 2
1.925442 4.108505 0
2.626416 3.674350 0
2.040351 -1.178539 2
2.395229 5.237022 0
2.094237 3.570652 0
5.464757 1.752141 1
2.111165 4.095560 0
-1.237340 -1.666122 2
3.369800 1.339803 1
0.826423 -0.263202 2
1.519584 5.291899 0
-0.475004 0.919600 2
2.861464 4.349928 0
2.904289 3.136270 0
0.193152 0.397941 2
-1.434748 -0.673398 2
0.894309 -0.219394 2
2.899586 2.801728 0
-0.721797 -0.472778 2
3.510324 0.718990 1
-0.558872 -0.743114 2
4.580283 0.712420 1
-0.151575 -0.061775 2
2.951623 4.016961 0
-0.846362 -0.727206 2
2.628746 0.938688 1
1.309975 2.605702 0
-1.004342 0.750531 2
-0.015663 5.112930 0
-0.878991 1.267590 2
1.093788 0.974309 2
1.509799 2.885246 0
1.468266 0.352552 2
-1.135048 -0.201419 2
2.678240 0.459471 1
4.332817 0.953722 1
1.995633 2.460796 0
-0.291583 -0.700784 2
4.479856 1.439508 1
4.508291 2.681783 1
-0.848639 0.473333 2
-0.702486 -0.125147 2
1.485004 2.392972 0
0.346797 1.022703 2
5.292141 1.340485 1
-0.220944 -0.413507 2
1.133656 3.234700 0
4.814974 2.841903 1
-0.374677 -1.003776 2
3.521614 3.535694 0
1.564893 4.147441 0
1.174142 -0.268542 2
4.631248 -0.297339 1
1.361321 4.004526 0
4.096884 0.322537 1
3.477167 2.127067 1
2.197486 2.824979 0
-0.817132 0.345917 2
2.116672 3.679915 0
1.940798 3.210803 0
2.232987 3.842135 0
1.722448 4.329155 0
0.951784 4.290747 0
-0.507743 0.406717 2
4.268727 2.523501 1
2.547808 2.633969 0
1.248801 4.503021 0
2.623796 0.776689 1
-0.305213 0.053191 2
1.580087 3.528153 0
2.652165 2.340062 0
4.045801 1.127271 1
2.879324 1.246020 1
5.238633 0.747338 1
1.393450 -0.358001 2
4.153259 0.470233 1
3.150907 0.913187 1
0.577119 3.599367 0
0.489073 0.038376 2
3.826032 3.603377 0
-2.127560 -0.073162 2
2.415069 4.291558 0
0.800293 -0.304874 2
3.074641 1.987228 1
-0.363382 0.411497 2
