x y c
-0.491879 0.893989 0
1.284972 -0.491310 1
1.551926 -0.313712 1
-1.026694 0.076232 0
0.159847 -0.160235 1
0.593338 0.825723 0
-0.804134 0.625821 0
0.343497 -0.350508 1
-0.641855 0.817916 0
-0.045046 0.327650 1
0.923869 0.427262 0
-0.492542 0.895924 0
-0.249760 0.953539 0
1.685043 -0.238789 1
0.963569 0.087751 0
0.665829 0.867249 0
0.848763 -0.582725 1
-0.565426 0.767925 0
0.013000 0.386260 1
-0.958508 0.041685 0
-0.978337 0.272171 0
0.427981 -0.342257 1
-0.448539 0.895720 0
1.610362 -0.266372 1
-1.045254 0.381212 0
1.242947 -0.472070 1
0.314285 0.948793 0
0.996036 0.068241 0
0.905841 -0.453970 1
-0.078602 0.975764 0
-0.867394 0.435027 0
0.933385 -0.374604 1
1.511485 -0.294099 1
0.035354 0.207677 1
0.535298 0.891840 0
0.299825 1.004637 0
0.190803 1.066886 0
-0.954623 0.370169 0
-0.812332 0.246917 0
1.991843 0.568213 1
-0.002030 1.034946 0
1.323816 -0.415372 1
0.917126 0.194068 0
0.992786 -0.025024 0
1.000526 -0.526864 1
0.578053 0.672120 0
1.964749 0.105920 1
0.345837 -0.198554 1
-0.865347 0.559164 0
0.109569 0.007941 1
0.260341 -0.192965 1
-0.649838 0.756780 0
0.870105 -0.545012 1
-0.887413 0.374323 0
0.627554 -0.471726 1
1.278463 -0.322250 1
0.639267 0.788368 0
1.032396 0.085877 0
0.963333 0.327998 0
0.598544 0.688524 0
0.286427 0.947115 0
0.538329 -0.307659 1
1.062117 0.035902 0
1.716824 -0.224990 1
-1.018491 0.109138 0
1.882002 0.081624 1
-0.623397 0.773902 0
0.951038 -0.007415 0
-0.676222 0.610778 0
1.125867 -0.517564 1
0.883316 0.081605 0
0.387274 -0.274570 1
0.518951 0.879106 0
1.006478 0.330916 0
-0.119066 1.002654 0
0.964236 0.195531 0
1.826738 -0.105905 1
1.087808 -0.557065 1
1.875889 -0.079529 1
1.452030 -0.363871 1
1.583459 -0.432765 1
0.519140 0.899835 0
0.544254 0.786455 0
-0.237769 0.933389 0
1.010211 -0.599372 1
0.043851 -0.030304 1
-0.248895 0.947429 0
1.950975 0.087609 1
1.976801 0.339906 1
1.374270 -0.465748 1
2.006826 0.272993 1
0.418082 -0.191287 1
0.598093 0.706370 0
1.038035 0.147337 0
-1.096036 0.162933 0
-0.621041 0.745976 0
-0.542658 0.798565 0
1.903131 0.406413 1
0.449899 -0.361032 1
1.955157 0.016218 1
0.317939 -0.201368 1
0.636059 0.941703 0
1.251828 -0.445659 1
-0.932833 0.597760 0
0.734646 -0.460628 1
1.653272 -0.466853 1
0.253765 0.973848 0
1.676300 -0.294906 1
-0.695567 0.680643 0
0.870752 -0.478589 1
0.104521 0.998791 0
0.213038 0.990988 0
0.921060 -0.568039 1
0.940391 0.337143 0
1.911923 -0.018256 1
0.059177 0.192210 1
0.356353 -0.309096 1
0.652152 0.747900 0
0.202397 -0.047816 1
1.654346 -0.152061 1
0.089993 0.860912 0
0.077157 0.141791 1
0.109576 -0.070079 1
0.098562 0.026915 1
1.910122 0.304376 1
-0.679355 0.735649 0
0.802974 0.355460 0
0.197466 -0.264140 1
1.698889 -0.241269 1
-0.778286 0.529755 0
-0.636281 0.645740 0
2.063233 0.435180 1
0.550835 0.925149 0
0.138317 -0.115796 1
0.091859 0.060308 1
0.067122 1.032908 0
1.177811 -0.470335 1
-1.058682 0.057856 0
1.472273 -0.335878 1
1.125976 0.260732 0
-0.890707 0.493998 0
-1.040097 0.199121 0
0.912893 0.454045 0
-0.161135 0.959861 0
0.434293 -0.373403 1
-0.153184 0.904408 0
1.726988 -0.024919 1
0.295621 -0.069647 1
0.068874 -0.142970 1
-0.297151 0.976815 0
1.493031 -0.323423 1
-0.300955 1.052647 0
0.821639 -0.541078 1
-0.296931 0.927254 0
0.042434 0.212080 1
-0.488655 0.923267 0
0.480617 -0.374286 1
-0.540632 0.937849 0
-0.926383 0.019678 0
0.915325 -0.535095 1
0.696378 -0.468588 1
-0.516724 0.856789 0
0.880147 0.425205 0
1.931026 0.265610 1
-0.857279 0.524831 0
0.924065 0.357799 0
0.188265 -0.008005 1
0.049293 1.005001 0
0.283464 0.957859 0
0.530378 0.898780 0
-1.016937 0.485186 0
0.646355 -0.507774 1
0.120675 0.497324 1
2.003740 0.267147 1
0.066328 0.055694 1
0.825228 -0.443579 1
-0.133269 1.022630 0
0.774932 0.554247 0
1.320232 -0.402013 1
2.034271 0.430825 1
0.022585 0.063016 1
0.398393 0.981744 0
-0.675137 0.790228 0
1.891508 0.266742 1
0.016174 0.161244 1
-0.000582 0.369510 1
0.873475 0.259225 0
-0.927298 0.306698 0
1.803203 -0.142563 1
0.586207 -0.377725 1
0.664814 0.707918 0
1.379090 -0.411194 1
1.644103 -0.150713 1
0.853862 0.427742 0
0.915144 -0.003835 0
0.029168 0.135191 1
-0.771395 0.605139 0
-0.086651 0.233494 1
1.971108 0.198561 1
0.046538 0.198800 1
-0.557629 0.840686 0
0.234357 -0.128644 1
0.085237 0.181606 1
0.594764 -0.438194 1
0.644553 -0.516520 1
1.129126 -0.392742 1
0.180256 -0.077604 1
0.809955 0.517804 0
0.029963 0.414680 1
1.966672 0.413912 1
0.435778 0.886389 0
0.978297 0.451482 0
1.485435 -0.289184 1
0.830359 0.580323 0
0.129186 -0.121303 1
-0.387324 0.889164 0
0.066395 1.087874 0
-0.163339 0.844329 0
-0.848308 0.528922 0
2.001101 0.369769 1
1.964232 0.170983 1
1.599483 -0.339973 1
0.751193 0.514553 0
0.987046 0.286229 0
0.730848 -0.509171 1
0.316606 1.012839 0
0.164318 -0.176073 1
1.964144 0.308072 1
0.318157 0.845712 0
0.992185 0.227376 0
1.818748 0.077056 1
0.106365 0.319973 1
1.940191 0.348244 1
2.030283 0.379260 1
0.056728 -0.097851 1
-0.689368 0.480868 0
-0.073127 1.140322 0
-0.805556 0.621516 0
0.167404 0.859605 0
-1.019527 0.222659 0
1.978727 0.420753 1
-0.276045 1.022570 0
0.255195 -0.325556 1
-1.032280 0.238463 0
0.022054 0.501969 1
1.985264 0.128009 1
-0.089100 0.998983 0
-0.746606 0.750691 0
-0.829898 0.598099 0
-0.657462 0.669675 0
0.920080 0.222053 0
0.598198 -0.419454 1
0.353995 0.895511 0
-0.138378 0.965645 0
1.324520 -0.460463 1
-0.052854 0.495747 1
1.291023 -0.434975 1
-0.614269 0.762844 0
0.135349 -0.114574 1
1.452837 -0.587708 1
0.307471 -0.264377 1
1.127526 -0.550290 1
0.884693 0.227062 0
0.188362 0.092990 1
1.056493 -0.461392 1
0.999500 0.090545 0
0.528004 -0.413752 1
-0.345419 0.820363 0
0.374674 1.039346 0
-0.972984 0.283881 0
1.063912 -0.542170 1
1.952953 0.095462 1
1.642834 -0.226499 1
-0.920816 0.266644 0
1.821503 -0.194062 1
0.296903 0.954146 0
0.501692 -0.305803 1
0.955019 0.174065 0
0.921175 -0.488154 1
0.189610 0.869895 0
0.491934 -0.382435 1
0.744856 0.534196 0
2.053564 0.266111 1
0.645999 0.712463 0
0.826351 0.611912 0
0.582682 -0.368144 1
0.622724 0.707408 0
-0.035396 0.355390 1
1.218926 -0.383331 1
1.206010 -0.520202 1
1.481518 -0.443506 1
-0.388020 0.882170 0
0.144379 0.206777 1
0.554581 0.806348 0
1.095912 -0.474909 1
-0.433226 0.884730 0
-1.083403 0.181564 0
0.902851 0.393876 0
0.839014 0.588411 0
1.028103 0.104153 0
-0.039938 0.585129 1
1.532792 -0.310414 1
0.023009 1.000410 0
1.931849 0.276217 1
-0.985610 0.345103 0
0.385790 -0.139767 1
0.168978 0.965642 0
1.909421 0.103728 1
0.072817 0.993299 0
1.729464 -0.135268 1
-0.940828 0.436559 0
0.491335 0.904988 0
1.101094 -0.518421 1
0.784722 0.815336 0
0.030485 0.378126 1
0.727333 -0.480435 1
0.044494 0.088513 1
-0.847984 0.651685 0
-0.654890 0.692120 0
-1.017310 0.269269 0
-0.575621 0.854516 0
1.756003 -0.113999 1
2.069126 0.494564 1
0.443235 -0.323854 1
1.390851 -0.487133 1
-0.005765 0.471182 1
0.160017 1.022150 0
-0.268056 0.905066 0
1.643628 -0.305614 1
1.909301 -0.061393 1
0.120438 0.939475 0
0.275827 0.854426 0
0.588730 -0.429116 1
-0.299411 0.940238 0
0.820487 -0.544277 1
0.677909 0.751697 0
1.349209 -0.491038 1
0.339444 -0.254901 1
1.824119 -0.150615 1
0.702804 0.735401 0
-0.138112 0.903738 0
2.038283 0.005667 1
0.506040 -0.454766 1
1.769758 -0.152612 1
0.774287 0.673925 0
0.638618 0.671359 0
1.739191 -0.152028 1
-0.483949 0.816398 0
0.912412 -0.611614 1
0.830287 0.485825 0
-0.971589 0.234077 0
-0.821633 0.529057 0
-0.804291 0.763869 0
0.311206 -0.127776 1
0.003206 0.608809 1
0.866032 0.454516 0
0.896956 0.572245 0
-0.325064 0.891718 0
-0.957175 0.136537 0
1.891806 0.036127 1
0.759036 -0.382671 1
1.786663 -0.083358 1
-0.659598 0.809642 0
0.801951 -0.308353 1
1.892538 0.073529 1
-0.923755 0.426474 0
0.038328 0.992995 0
1.514210 -0.306242 1
1.615635 -0.371647 1
-0.967765 0.046337 0
0.273507 -0.176173 1
-0.101463 0.893461 0
0.459950 -0.299024 1
0.438434 0.957031 0
1.474784 -0.367871 1
0.923856 0.478661 0
-0.817947 0.559150 0
1.518553 -0.271689 1
1.985628 0.348752 1
-0.802279 0.366100 0
1.954636 0.244365 1
0.807761 0.554600 0
-0.973947 0.085906 0
1.205220 -0.410039 1
0.124281 1.009552 0
0.424704 0.936964 0
0.279174 0.962406 0
0.908337 -0.482271 1
0.163916 -0.101076 1
0.669564 -0.412803 1
0.003136 0.332867 1
0.921067 0.120118 0
1.840515 -0.036788 1
-1.023346 0.069388 0
0.320667 -0.208833 1
1.394987 -0.541053 1
-0.996860 0.124626 0
-0.332790 1.062519 0
0.746823 0.769556 0
-0.957956 0.359018 0
