t const decay
0 6.075725 6.071802
200 0.022739 0.034535
400 0.070587 0.070669
600 0.084930 0.109842
800 0.191730 0.185472
1000 0.123401 0.116251
1200 0.253891 0.173522
1400 0.081473 0.036154
1600 0.180542 0.125733
1800 0.109486 0.046515
2000 0.108241 0.069613
2200 0.161219 0.056259
2400 0.016845 0.015801
2600 0.059072 0.018788
2800 0.133998 0.063007
3000 0.114186 0.066004
3200 0.123124 0.009325
3400 0.065371 0.003139
3600 0.270690 0.049680
3800 0.203790 0.041905
4000 0.127714 0.019397
4200 0.056461 0.019646
4400 0.069337 0.029251
4600 0.068073 0.014062
4800 0.058749 0.020982
5000 0.068448 0.004093
5200 0.084317 0.044559
5400 0.110471 0.015705
5600 0.281402 0.036431
5800 0.135111 0.021557
6000 0.147212 0.034880
6200 0.127188 0.008654
6400 0.086980 0.017617
6600 0.065147 0.021309
6800 0.014708 0.011301
7000 0.113372 0.023453
7200 0.145662 0.008875
7400 0.043548 0.004471
7600 0.125605 0.015389
7800 0.059336 0.009384
8000 0.114716 0.040322
8200 0.137048 0.017789
8400 0.087920 0.014179
8600 0.044188 0.011179
8800 0.023375 0.006452
9000 0.035745 0.009881
9200 0.299076 0.002416
9400 0.151975 0.008648
9600 0.128888 0.020084
9800 0.195215 0.026398
10000 0.180310 0.033373
10200 0.046770 0.021415
10400 0.066952 0.010965
10600 0.013888 0.009651
10800 0.037692 0.010111
11000 0.170122 0.011359
11200 0.035205 0.011103
11400 0.109560 0.002406
11600 0.082989 0.005249
11800 0.068180 0.010811
12000 0.177206 0.003858
12200 0.034608 0.009315
12400 0.060297 0.011207
12600 0.065090 0.005061
12800 0.112269 0.003017
13000 0.047149 0.005875
13200 0.030754 0.005077
13400 0.075365 0.009308
13600 0.048889 0.006195
13800 0.087639 0.007027
14000 0.134328 0.008703
14200 0.079093 0.008507
14400 0.100841 0.030370
14600 0.118607 0.027094
14800 0.103697 0.009674
15000 0.079442 0.003574
15200 0.155612 0.000745
15400 0.028200 0.006797
15600 0.082078 0.004076
15800 0.073680 0.009632
16000 0.083478 0.006544
16200 0.045138 0.003111
16400 0.272339 0.018621
16600 0.065463 0.014438
16800 0.091525 0.009619
17000 0.209369 0.032819
17200 0.037856 0.007559
17400 0.021316 0.001498
17600 0.159737 0.002230
17800 0.101254 0.010685
18000 0.096005 0.006318
18200 0.041575 0.007649
18400 0.101174 0.015959
18600 0.018489 0.002922
18800 0.202445 0.010518
19000 0.124498 0.005938
19200 0.171162 0.020247
19400 0.104695 0.009372
19600 0.047110 0.008679
19800 0.078722 0.003582
